Sample_id,Class_1,Class_2,Class_3,Class_4,Class_5,Class_6,Class_7,Class_8,Class_9,Class_10
1,0.004553782616085261,0.03549194544763285,0.5328112231732539,0.0030382007664339094,0.001720885699242441,0.020150691400817836,0.39733708823854674,9.371444931752029e-05,0.0008033126818821034,0.003999155526787483
2,0.008294793239835454,0.011020740649918261,0.19184781878342297,0.0005547967203980359,0.0015128474615334964,0.049080867558830926,0.16389958956928963,0.00032771497394646775,0.5731309911679019,0.00032983987492293674
3,0.14399935834251157,0.0035893274170706296,0.0007683513065742891,9.703791318417682e-05,0.20967353964453986,0.11430197686943522,0.1755383434708111,0.3008780772449993,2.0572173874051315e-05,0.05113341561699973
4,0.8256416335793291,0.08545583625444451,0.007338451640734935,6.109241227024539e-05,2.5243423470569143e-05,0.011322057760409775,0.03752066705500261,0.0006362106200902215,0.001106720087804426,0.030892087166443698
5,0.716403274266647,0.0015722027731532606,0.00017863309162447118,0.005845066969578963,0.0003345854175355159,0.16388702382312284,0.026332803744491068,0.0400813317263004,0.0015737205782806046,0.043791357609265835
6,0.052997417092279085,1.271916274266572e-05,0.0016485331322970732,0.07997389952345445,0.14372556869053515,0.29136717743011575,0.032797029254648995,0.39698772594084686,1.380780531239621e-06,0.0004885489925486815
7,0.015636410295791322,0.012496857292177584,0.0021923161107168746,0.0018095436883433745,0.09583194749249223,0.04457801577600473,0.19375940545928932,0.0021221962842472666,0.6287126040198493,0.00286070358108804
8,0.09972445467551952,0.0042025928260038745,0.00011766215692194405,0.009016387914786763,0.4036879439209934,0.0013029037178903216,0.03545702990907154,0.40218627366936244,1.3002597886490406e-06,0.0443034509496616
9,0.4423283418455757,0.0011249030557474859,0.002632426628085862,1.3206262429287918e-05,0.3461300780316584,0.0025375568220111044,0.13397791147319008,0.06866489849653418,0.0015333254576757533,0.001057351927092242
10,0.29283246490814624,0.5191527370385737,0.03128935931835811,0.0036627303811102648,0.0019222653851201932,0.006467326991944044,0.006479125348658995,0.04900324895612205,0.08827229057017799,0.0009184511017882974
11,0.4740769939961007,0.002190851170834551,0.000976459591363915,8.798883291665187e-05,0.060325061062405684,0.020457647606265915,0.2467824736597347,0.08698995924411702,0.0001665011997361105,0.10794606363652468
12,0.005504562879226794,0.0010912536336705287,0.037141295760975565,0.0026142541379852655,0.05048594599452815,0.00010148747544237527,0.35287005040726377,0.1072192547026295,4.669157867519552e-07,0.44297142809249124
13,0.5190140900202612,0.074126600249916,0.010584517918835063,0.0006054569990966704,0.00011303179015858769,0.0022666425134990793,0.01967654934312987,0.01518814721473624,0.0004112398021728846,0.35801372414819443
14,0.01967670564547387,0.002313608880137396,6.294385878701768e-05,0.08025420013240289,0.0033299863473791255,0.005060247550448519,0.0053275568758627614,0.06835957579537587,0.4637094203679982,0.3519057545461343
15,0.08328426357887343,0.0012605199131526558,4.09535428002093e-05,0.45460200726929323,0.4062659164612438,6.818987066555419e-05,0.054348945168382116,5.3364529126954884e-05,3.7782421007654475e-06,7.20614243613884e-05
16,0.042897246604751305,0.03370009967244184,0.0005219923710998868,0.2696615697580577,0.01846289174161471,0.006673495328786736,0.029521202685926742,0.5706871938257274,9.023046279407185e-05,0.027784077548799743
17,0.01563910619778586,0.21004590566978174,0.06886216762661476,0.019803559282149417,0.11436151765573706,0.08738436340982426,0.21020901524342636,0.0008026579492473804,0.24985224438470915,0.02303946258072392
18,0.7926988652188847,0.02194168223196419,0.16643599667863218,3.7536855461435586e-07,3.720979822170465e-07,1.7845521401641124e-05,9.295360145195117e-05,7.080291224049838e-05,1.9253196270927427e-06,0.018739181049261
19,0.005271956198507404,0.003042271695204037,0.7538362894455582,0.0004925214261476937,0.024158257232995674,0.09619749221279193,0.05249662028548009,0.049714692416116785,0.008434820149166548,0.006355078938031602
20,0.02588060937134469,0.5308743701919552,0.00028564280740214337,0.004252751733169264,5.153080399929164e-05,0.00047960341539340034,0.04979482329928886,6.894256764203825e-06,0.3875227783823687,0.0008509957383142069
21,0.17695377028792147,0.5677667645767381,0.23130201953628046,0.00011819882161322801,9.141253130548209e-06,0.0008953625829638462,0.016324842337490816,0.004820138999386317,2.0957835053175007e-06,0.001807665820970059
22,0.390403650551438,0.001935923904531224,0.014459528600168428,0.13997771911966564,0.19085860919008257,0.032215405251077044,0.19429392611615198,0.0009850020197096569,0.010393958052301002,0.024476277194874604
23,0.7145850933882061,0.04978134130871367,0.018054386110067423,0.004883244690962067,0.17733052221661036,0.0021205266284166284,0.014623999713242962,0.011809662259160957,2.42468787312366e-05,0.006786976805888673
24,0.07048962116257561,0.21172149586877154,0.0013172750964310972,0.43069258610050015,0.005417667021544302,0.0015252226134991414,0.02365505273760885,0.19744260418890047,0.00013030046361267914,0.05760817474655607
25,0.10771959546252045,0.22100736830918968,0.08997545462063893,0.004044458693391143,0.004054929072422124,0.05397159412012617,0.14276940298670157,0.16400018821755427,0.0014040195378451652,0.21105298897961056
26,0.013427667515131431,0.08852931049808267,0.0024680006399465677,0.771982679314033,0.012401897122718745,0.02040420120042436,0.07108652084568738,0.0004926887379780659,0.005206312777421028,0.014000721348576578
27,0.0033249858117385725,0.39775120812881243,0.36311830340994816,0.03152597717603812,0.0017849146075683661,0.09072690646446983,0.10922400445513457,1.7864818528611419e-07,0.0012231803616003678,0.0013203409365042868
28,0.07832894893092662,0.0006822443397767866,0.010142430212517432,0.005042609554732216,0.1422860213853883,0.016710922511235664,0.05697239300767169,0.6067952590827667,0.06797574741109108,0.015063423563893577
29,0.08668331951996924,0.0003022925111851149,0.000502654740948352,0.011169375422422134,0.07995622782463133,0.06014997078108031,0.019786944813604015,0.5082119147716746,0.23039883218108004,0.0028384674334049416
30,0.6882244938278715,0.0030416158049002147,0.011654707603928281,0.006027239767991193,0.055442518668622084,0.05486403864516056,0.09468911797551405,0.08490125105505181,0.0005278467995913712,0.0006271698513688071
31,0.015043419301923626,0.07964480085542047,0.002060143353026577,0.7388460866416683,0.0028197822035555616,0.0068533850585617345,0.011890005607999625,0.0087244931774231,0.0014328070339448894,0.13268507676647606
32,0.6228936146050694,0.07501677719375861,0.014270199750635152,0.0002553572862298224,0.005398239116025713,0.0011938152074945259,0.015415783727760696,0.0011149568103697729,1.8346789443632244e-05,0.26442290951321257
33,0.24012621468448964,0.044111666406491334,0.003180052688903218,0.0032185912644488676,0.00033345308538798883,0.029098982844180683,0.2194131693692162,0.20954380932983,0.004036131679789178,0.2469379286472629
34,0.047495645732341836,0.0010092593641233352,0.0011941830598041557,0.02093781247345135,0.245822124775019,0.010032856133289575,0.23611611613147745,0.15847118235831603,0.05220560619572433,0.22671521377645298
35,0.008770091158070231,0.06287276561408046,0.0018989326239480739,0.7283224074240177,0.03952458343069191,0.012085146243884256,0.04759906003632075,0.009981760724665046,0.0001752971440999436,0.0887699556002215
36,0.017923633740690083,0.07599963747298662,0.6030782643470325,0.03436497257540392,0.030848529045401595,0.12800060258874182,0.0029242920244517277,0.00211140045696662,1.1203207863587933e-07,0.1047485557162466
37,0.6702892318185563,0.003989341411849739,0.020137600888136667,0.031313184269572344,0.0014213749740860325,0.01410630178577442,0.09497662208290904,0.10053330167704681,4.2433704580999866e-05,0.06319060738748782
38,0.7408785742380112,0.0023729883305619276,0.0021905401035025424,3.734613289567034e-05,0.015630022893171516,0.014616623238465005,0.06147432769461622,0.014984169448306495,0.00039217671783254443,0.14742323120263687
39,0.9006103095974789,0.04699422973592825,0.0015916626411169377,0.0009083191111233953,0.008911168668642019,0.000423076801448836,0.00039623850859374376,0.011186944995314087,8.7941437177967e-05,0.02889010850317599
40,0.02938795223830787,0.6042760360772296,0.0018992216731434212,0.0030720580259264293,0.1301140468718254,0.17683164206763172,0.037396721899084204,0.010058233480981461,0.002760004620692191,0.0042040830451778415
41,0.18204787587052113,0.012212492559218385,0.003046710671331469,0.0005982221624431833,0.19324035838717768,0.09430458624639736,0.20444846454518686,0.07688963841569932,0.0005172648852074706,0.23269438625681715
42,0.11447407967982216,0.5499718024339789,0.0003987937971769994,0.00012511884004436175,0.005410307171540894,0.00017018188202519004,0.041635055591926706,3.0634859179185126e-05,0.28203309060619147,0.0057509351381140605
43,0.04067014540622234,8.08641140890658e-05,0.7705752116922313,4.118170364137726e-05,0.014992488269035691,0.05965335923263828,0.0016927579705603981,0.10495857043015422,0.001386566629180045,0.005948854552247208
44,0.0860135429762671,0.01852795388621085,0.013258401050611079,0.021278887953633658,0.031402129774089196,0.03435947573829928,0.08695643263041163,0.6394556145497908,0.023432725282165424,0.04531483615852081
45,0.666417257478253,0.11385690374103923,0.03789217845327221,0.04630836592480454,0.011627307191770955,0.04074476234238187,0.006174378696879696,0.02670726634196783,0.0029866501377531613,0.04728492969187747
46,0.23272472655381476,0.7219522124273158,0.038448087540330536,0.0002390711836188348,0.0001087757436718941,0.0018183337768451933,0.004424472294456187,0.0001470060611367222,8.592857576554755e-05,5.13858430446029e-05
47,0.13378167338058253,0.783082825105689,0.0018889744398034511,0.032214880044713706,0.003688923751926385,0.02262020028744218,0.020681482064283014,3.569366607149738e-05,0.0015596653166797235,0.00044568194280861044
48,0.64041658733336,0.3210464973828271,0.010516431458356871,0.001859327598906043,0.012344012269813456,7.506341752830532e-05,0.009545816949095875,0.003962054116909167,9.237323406773741e-06,0.00022497214979634662
49,0.01911635474332651,0.018421798780311194,8.967447549581802e-05,0.44610217572991356,0.031938043923120434,0.14978121788314594,0.001839780510233712,0.33088720947773165,1.1442228448775367e-05,0.0018123022482725653
50,0.13515520451544794,0.04258083051723823,0.0006904029798392928,0.043286005635578224,0.021127976693478597,0.20404829812487685,0.06497742967175076,0.0441299015393051,0.42528904834462355,0.018714901977861423
51,0.03655696657921237,0.7514857340544421,0.15175789885609237,6.361975935945246e-05,0.009580557374226749,0.04882959657968953,0.0016485779840194092,2.672315349418313e-10,7.703240593717613e-05,1.613978939576835e-08
52,0.011417815535565508,0.0005093345609614661,0.550204840195716,0.13560419772530946,0.24397101632920248,0.03977259698876775,0.01846063813473198,2.370052341712107e-05,1.80974816011649e-05,1.7762524726864844e-05
53,0.015982504467120802,0.029616673623105397,0.0018480883766258454,0.01080966204204659,0.018598793808829204,0.3808622616951244,0.5361698860410461,0.005158429491705369,0.0002749308068045979,0.0006787696475918751
54,0.07068402209745132,0.0038132812153036655,4.498024600395061e-05,0.01147266965738662,0.3154429838689335,0.0014396945117350537,0.19061953297142187,0.3742138359966889,2.6539686925248902e-05,0.03224245974814987
55,0.0021957097558837056,0.007437207139355106,0.845996642373188,9.423831344595272e-06,0.0008668946361483045,0.12756063303130769,0.006334789605178817,0.0002307829263317287,0.009350650922477692,1.7265778784593588e-05
56,0.010554341027459445,0.04578652323741975,0.7111661229544283,0.00036466640074815215,0.0394870324639771,0.007753706507778324,0.13680477477013953,0.000168398369128337,0.02779636994337482,0.02011806432554629
57,0.0020713353027320873,0.0014241092353943447,0.0032247090438542957,0.002456855930384119,0.1106316383821904,0.07189073710673789,0.02045113578517889,0.0004479860343626665,0.34735907317731934,0.44004242000184607
58,0.7357701518735005,0.20582639443948775,0.01587170226889965,5.608047903087105e-05,0.029130108056307127,3.5164327408988155e-06,0.003328295162263972,0.009707622434506007,6.485453725697457e-07,0.0003054803078907987
59,7.447984365014962e-05,0.0024085738502166412,0.7848442994493611,0.0008298093854240308,0.027442146998852515,0.07677916769651728,0.012400494710921384,1.3982592079518093e-05,0.09518284888000746,2.4196592969860496e-05
60,0.22692311895940065,0.29017397302849146,0.008252557489657508,0.0001320321240205993,0.0008391691064502982,0.11953373156508196,0.28471628804372123,0.05727121706244044,4.219936263983669e-05,0.012115713258095896
61,0.20528573093324304,0.002828813612070692,0.0009224394893183233,0.24242401477749861,0.09755455477889863,0.04550746067117496,0.3616439172969389,0.02941743347781531,0.0006644578404223287,0.013751177122619106
62,0.6611261128482473,0.020532426791647258,0.0782960719931857,0.008585809529774979,0.049877304266411134,0.04071901141955465,0.11527362310207775,0.001089976755073665,0.000156086131531301,0.02434357716249636
63,0.009779794293252115,0.01692741493999273,0.00018168063492336072,0.4483951238178723,0.015667129940003393,0.2900251830668579,0.021482154470394598,0.030399814884318588,0.003578961618478696,0.16356274233390644
64,0.5937476007636299,0.0002536570402859629,0.004968005008479071,0.0006961999489176191,8.100351626504238e-05,0.00010793135914812208,0.0017418577838202074,0.0013426209101259075,0.0003708138880293765,0.3966903097812988
65,0.017730482010830932,0.004729115512126668,0.002206541195340696,0.08524596667095304,0.2926683138593546,0.2750167779504348,0.291264775059737,0.003326154928525868,0.026483059688542362,0.0013288131241539914
66,0.2212497613110353,0.7653885507605398,0.012058724387922614,0.0007226110599066454,3.752728528704861e-05,2.969312790413554e-11,9.523240250573411e-06,4.6255244323080255e-08,1.6835284135182333e-24,0.0005332556701204505
67,0.3504291521475964,0.008698215354939136,0.0027557704855911327,0.020021442729765117,0.024229486860720916,0.10566736948465182,0.033282113233827244,0.349856024318267,0.0018447724167812423,0.10321565296785999
68,0.007221379644499231,0.336682167754495,0.0015634261956792071,0.3458779151415649,0.00993837471279356,0.00570639843552324,0.29162588668900175,8.874414240493222e-06,2.7514262096547714e-06,0.0013728255859931657
69,0.018643613129109705,0.7013299704754864,0.0034350048831787903,0.1681622589932843,0.023525636169218093,0.025045700900744747,0.0586942662810783,4.207802103412285e-06,0.0005413137071175463,0.0006180276586788755
70,0.2449403370459896,0.03721174662308325,0.4080712895479413,0.04871229581686888,0.03656826415383887,0.003473085408060866,0.18074461360016744,0.023735142405719847,0.00031776665741577436,0.016225458740914106
71,0.4755440038992887,0.0030157119724564642,0.026518637108849403,1.0914422566450092e-08,0.004625543573987809,0.0014540036625879814,0.000535081543787194,0.4769009045396741,2.776590690702289e-08,0.01140607501903887
72,0.0855562578661735,0.039768407116774186,0.0612965564585025,0.004241193682381114,0.7225764874337377,0.011904999449018893,0.052441802086199155,0.01893830731756144,0.0009785726017988911,0.0022974159878526293
73,0.05665464098769874,0.0031379603008680782,0.0006847683181710426,0.2705317905501997,0.020965176416200597,0.31060817131251933,0.001661931937591642,0.28912889136580866,9.164474855406989e-05,0.04653502406238812
74,0.0029037796653255087,0.0010922449611124251,0.018127376527873364,0.2349100481573459,0.5034921796019337,0.002975962028092453,0.15598105623737724,0.0002930257479760705,0.00011461409863923793,0.08010971297432405
75,0.19162676564621353,0.0005296710264292517,0.0023450256016310897,0.0004621140058697305,0.01796652499129818,0.00021985570187705843,0.03958570924241763,0.5664695398825409,0.013036314280555038,0.16775847962116766
76,0.002181313370165454,0.549550881774363,0.4053262762480373,4.8546493428612855e-05,4.263391953468863e-06,0.00016889183065661113,0.013532202321187922,2.7258104086383105e-08,7.063444857560734e-07,0.029186890967617778
77,0.009637102962596764,0.11728800754972966,0.005159246501190235,0.02567940169958136,0.012582123484846355,0.1571318822155861,0.02176992852199169,0.519374132829376,1.907442157564045e-05,0.13135909981352628
78,0.0017644880110131238,0.0545037593063134,0.518644666169227,0.0001240567343526797,0.0033444165164936055,0.21173529711112524,0.010342802200878036,0.0004419373342996587,0.1909088300827632,0.008189746533534157
79,0.0024471403693465976,0.006448543566965961,0.00878300973115977,0.0005350778976484904,0.012570989728596495,0.05230627833530714,0.009252494081302506,9.618462006387014e-05,0.8417394298170532,0.065820851852556
80,0.058941781950081,0.08375075530601286,0.004256626198743289,0.019142123085147414,0.14378091182400465,0.21932915073903642,0.13493509689999178,0.1063191760346816,0.01517422997907071,0.21437014798323023
81,0.0014259263003712755,0.035040044498947334,0.10196914369274747,3.964863644129232e-06,0.04134430942020781,0.07415995972284593,0.00039386073753343753,0.0035976795207936126,0.5983711493006447,0.14369396194226441
82,0.14294867575330542,0.19279914664057532,0.00040722071141249437,0.008678519879266692,0.008718393579917973,0.0001338119135476471,0.5122347234122886,0.09011088132098996,1.8034596360914568e-09,0.0439686249852362
83,0.4037918645309791,0.009366427738927352,0.00011788285504974874,7.484566024666919e-05,0.009615833829876344,0.0002127146754344682,0.284382143012951,0.2894159878725122,0.0005467892582718971,0.0024755105657512724
84,0.06606823347466895,0.4288036331471741,0.0073833878981177156,0.36365147328094993,0.05105786006052004,0.0035139500456616356,0.06250800019546963,5.4322642704516424e-05,1.9066493197834647e-05,0.016940072761535578
85,0.0006971004827558615,0.0038705299926285117,0.45420508566312107,0.00015182801543998608,1.846986909844872e-05,0.01006317446720103,0.0014019867067653097,1.7670443302840706e-05,0.5291455422520158,0.000428612107671165
86,0.7059526437661687,0.004757362538056403,0.004100729341040959,0.0008657446279140516,0.030887418826873302,0.0041142401529083855,0.06005464207415494,0.11739673129025224,0.00011937598574503101,0.07175111139688596
87,0.013674222128223914,0.04954148507177246,0.00016386007562569198,0.4012915687690774,0.00370698032851024,0.027469552241205942,0.4715026931962623,2.117193917546369e-07,2.4242009768747065e-06,0.0326470022689534
88,0.0025989769750357104,0.08186342453276378,0.6039689882957291,0.0014849510634456912,0.009862371513307508,0.08429773007525496,0.013483227832623844,1.4683894821036832e-05,0.0028556687679504424,0.1995699770490679
89,0.03205506296470186,0.0004965704704783078,0.023466286406157555,0.7140035727468669,0.002738053430559257,0.009334928813743645,0.02273708997085338,0.1614582039184812,5.110667988774104e-06,0.03370512061016909
90,0.10673323752540534,0.0019197504194459725,0.006991215414583318,0.026910407147984317,0.036348917910198786,0.199196741191716,0.11039893079344866,0.47730477997638726,0.0003424209020736714,0.03385359871875659
91,0.052284081225536176,0.003988327542422335,0.008470081298509177,0.02893685802475903,0.020543798873220664,0.5025917233600944,0.12483739950114853,0.0115015844857641,0.0008547411919426525,0.24599140449660295
92,0.010223633206007525,0.4250246762970046,0.42216168548924227,0.0012885859814154084,0.010156422183204804,0.029040505023440858,0.09972282290870355,8.36020052355429e-05,0.001679685058284124,0.0006183818474612987
93,0.38852477138849545,0.0032607486742645742,0.002908842574689825,1.6893808753417717e-05,0.09108034852790443,0.00010841497079639891,0.3487117946588202,0.09903171295696254,0.02093006415389319,0.045426408285419856
94,0.8868664683131586,0.023369494688354763,0.021790946052710373,0.0002000281733282774,0.04557288672371665,2.6606464847098093e-05,0.011985803577878743,0.0009639314768154881,2.429861451188913e-05,0.009199535914678113
95,0.33159953935193015,0.016416560394448765,0.00012540031343475183,0.0073077922199452595,0.5110695014255843,0.01861438847507309,0.10648009011133948,9.062502111707534e-05,0.005249573094533063,0.0030465295925940906
96,0.09324526957292437,0.002231807338815561,0.0010281595817873935,0.06601016708300064,0.0003432384214185351,0.002333780468288756,0.05617536877919122,0.01062896091358448,6.197460258739524e-08,0.7680031858663866
97,0.009067996848117415,0.00017190338878034334,0.00027755093613791106,0.1294900136315446,0.20709047696735589,0.6481872672310379,0.002444376950902294,0.0021242110661440976,0.000253406010876368,0.0008927969691031627
98,0.07115070056529532,0.06511116764676537,0.04048489204991946,0.48275814519765076,0.001432618516384887,0.11833437887954128,0.1122405215797172,0.08601736644289462,9.581232090640239e-09,0.022470199540598833
99,0.0728173867223129,0.731646766300553,0.021237456261372016,0.0010564994408257117,0.04895919972047332,0.002664103395176661,0.11337339161411421,0.006760283892108893,0.0003066117389381916,0.0011783009141249703
100,0.008889298538119041,0.0018999235844226678,0.008924498671450981,0.010734454684300468,0.2487687916647067,0.05575289386720608,0.07434285574031908,0.24397181425697365,0.2979951263974381,0.04872034259506315
101,0.6152065568650128,0.008453039553808613,0.001838377906211323,0.002828749000915635,0.17054587441344485,0.0006474026744445569,0.043023452873620235,0.0640705986877331,0.0005245736569910466,0.09286137436781775
102,0.019465157485685728,0.02587419806209699,4.28980753115105e-05,0.20751199236632656,0.1870152468400456,0.051048519515050135,0.21791696241960334,0.019857771250774193,0.0007164159775160789,0.27055083800758994
103,0.08693389074341933,0.0013366310866813026,0.003086827216288448,0.011249558617768537,0.028468780301502922,0.08178944461309462,0.0030128067356586657,0.25450050850983347,0.07739673480080267,0.4522248173749501
104,0.15374362101613767,0.009105220272514956,1.5652636296174863e-05,0.003524635077061638,0.061739196827367886,0.006008725764392388,0.7549333770574105,0.000356444434138436,7.102558449868343e-09,0.010573119812121924
105,0.04536344924518818,0.556072684974393,0.106051501570048,0.22783486386798837,0.015242249346721632,0.0011721843261887136,0.048241337074424274,4.9831351771374995e-06,9.969612317520915e-06,6.776847553116765e-06
106,0.18135687476491416,0.8048586947541655,0.0015962126128215798,1.754029538108833e-05,0.0009513544129841653,1.441380784646942e-10,8.157806813521025e-05,0.011016367798496116,8.124285279282203e-20,0.00012137714896418402
107,0.36263603463562044,0.0035540175361073855,0.0009985834639142134,0.00019304851114912888,0.24698475061144776,0.006417243750098248,0.010445805145699993,0.36005474125361836,0.007445290573977263,0.0012704845183670703
108,0.6434259808634607,0.003091038113007393,0.001759154956238483,0.00020049513583565845,0.000852273211247265,6.189227262505529e-05,0.34541939539524974,0.0018536556512076517,8.69489464776496e-05,0.003249165454650401
109,0.05506168729490572,0.4872284131561262,0.0056251580186964896,0.07064174314639414,0.030891439055636287,0.11496807161760202,0.10173054965649353,0.0012108877150872539,4.158063956627504e-05,0.13260046969949196
110,0.03573186430955978,0.004089283967785377,0.031009859298710495,0.1745151710913871,0.010542038214197311,0.011394759405340424,0.0020283443746751703,0.7209148951666281,1.3952463864116512e-06,0.00977238892532978
111,0.12429705878790892,0.06488639031841602,0.22550770234416687,0.15094075370607435,0.005032286983492574,0.037818304449479055,0.044603286123622736,0.005114750261608349,0.28985935842557076,0.05194010859966052
112,0.0030546513729367624,0.9856013449367731,0.009163808023843305,1.9863924802020156e-06,0.0002394074036836401,1.751596689106835e-14,0.0018880861471051184,5.210702662905827e-12,4.0430511530320296e-30,5.0715717949755986e-05
113,0.42276673944898896,0.02796249200482896,0.0007281919955798655,0.0006375585383504377,0.018435891694305175,0.00895776576665598,0.11762256444932341,0.35723886830184526,0.011081305032877168,0.034568622767244886
114,0.1974397234240227,0.008671158536605493,0.0035168070163985833,0.0006631178134891074,0.038304851073924825,0.014370126348583354,0.16566498895381063,0.3381430792158076,0.007593302102936049,0.22563284551442164
115,0.8578013533288491,0.11980693959431386,0.017157394750511014,4.033676012190283e-06,0.0005081675866601935,7.213518803134247e-12,0.002689076817905176,5.726187289741088e-05,7.744574847640054e-23,0.001975772365637534
116,0.07332962942045652,0.0011386658502218097,0.003091964894632111,0.3379721872002727,0.012309968158767793,0.001283925115973514,0.06049015825298199,0.5048870424710101,0.0004069724141427516,0.005089486221540744
117,0.7684438037808351,0.06512983676637993,0.04939364877218737,0.0005033753258443713,0.006152330243423259,1.2139639176416141e-05,0.0611069947190927,0.001729793339511523,0.0003594850351415554,0.04716859237840787
118,0.580978837867177,0.014544450145480458,0.17101530853619698,8.416721882619882e-05,0.013727843948550854,0.0013647831809855953,0.09377218816058908,0.000590167257955613,4.804654090119553e-05,0.12387420714333715
119,0.6396400410596703,0.02168138238573234,0.006203305456427202,1.2636468439481916e-05,0.013334982928717484,0.00031292706002107823,0.3058554736134237,0.0012407194482315746,4.579069870371042e-05,0.011672740880633112
120,0.3697433690155021,0.045091644461394506,0.4070819096859685,0.001995910005152083,0.06247089736640417,0.022171658702934686,0.017116651058029515,0.059965488830400884,0.0006187846455438345,0.013743686228669595
121,0.6003364444189727,0.0032959982760645515,0.0016786338076792402,0.00846788595677005,0.014685376840574804,0.04439826830919908,0.016243903993794193,0.30654663302237456,5.466568757230613e-06,0.0043413888058135355
122,0.7344453344620853,0.02022229719414729,0.00013896828889821574,0.00046273597342748346,0.029224290683936765,5.653020286918817e-05,0.2031813059208053,0.0005175013193572843,0.002399317790191178,0.009351718164282081
123,0.05397356972441807,0.7517167739684134,0.007717871040998422,9.224958678458846e-07,0.007572606274121997,0.1582989536691295,0.0026182602082954255,4.584808050853031e-06,1.2573026010698491e-09,0.018096456553401773
124,0.627657486572109,0.08039509496844544,0.0017748482190737581,0.0013821337835727083,0.05630145199748253,0.00027060890861485136,0.13441164252298712,0.003130038540756833,0.00011683466652212136,0.09455985982043563
125,0.008638384499296436,0.002963922856175847,0.6651822494787629,0.0011194249342970917,0.20895611579108236,0.026415403626931754,0.07840783500761382,0.000698083135404118,0.0005275886136412288,0.007090992056794315
126,0.029426397875081042,0.37318634423438374,0.0053691496730849525,0.019610506369870315,0.26111114041460787,0.0508974945718345,0.21273502857232648,0.00019855435325765133,0.042273405350575964,0.00519197858497753
127,0.2999538148241025,0.009629456883413911,0.07017261870303285,0.003042892374777964,0.015922144554820196,0.020593980982282677,0.21341958133386005,0.10203071953051597,0.0009432142230836728,0.2642915765901102
128,0.9610640636143406,0.016459958932279462,0.0008052748539929927,0.007381222246220605,0.0002657438835113395,0.0037722068108415516,0.007470017454679284,4.237071644689584e-05,0.00048127500145467533,0.002257866486232443
129,0.0005192851106897971,0.14107088118056366,0.05589337654355863,0.35005629740194383,2.364457821931651e-05,0.06072254220905423,0.0008126237620750804,3.619490001351901e-05,0.35174581886743134,0.039119335446450645
130,0.05573625895473477,0.5262046992953283,0.0001876180272509989,0.2325003581346023,4.3226671582609886e-05,0.001354420481201768,0.18097285129257876,1.310171559908784e-06,6.687883572656609e-07,0.002998588182803311
131,0.05350913597640263,0.005898950689073409,0.0035923177849313567,0.028738668790003283,0.4080250085232117,0.3248016271034,0.14001637946864495,3.074254007495967e-05,0.03532655581813878,6.0613306118816816e-05
132,0.29127318356099413,0.001148946478574681,0.003285493783104287,0.0004608702254722339,0.026133908249153754,0.0004089460404828791,0.15593206240531857,0.49414309691638403,1.8886330642574536e-05,0.027194606009872828
133,0.32941582932007674,0.003866496812152253,0.0005369580921565413,0.0002299948746464052,0.02944988368563439,0.037170490412353485,0.06163412191867411,0.2534757095981118,8.131828861179634e-05,0.28413919699758255
134,0.025630141845333007,0.03447275564073675,0.004003363388768345,0.04297366959405409,0.23158450117396354,0.015614395429860737,0.009966603594220339,0.01525905725353215,0.5420294432213707,0.07846606885816036
135,0.5148114705709173,0.017216837358320525,0.05667344371025591,0.04196983340380236,0.34390008152098506,0.01681374390639319,0.006467337033051391,2.61803908312633e-06,0.0008405626894729272,0.0013040717677183416
136,0.005849622476442647,0.17985637210827915,0.0025801465521001735,0.6153267655569895,0.08049982780366867,0.05435257837047283,0.016559963565637718,0.021649208743330105,0.011846102242354387,0.011479412580724825
137,0.007334211107424323,0.006817460152327633,0.007541302015105677,0.0018201546225578814,0.005861152115996866,0.6340938862865291,0.03059197598536869,0.00031302264318251364,0.3055992421673388,2.7592904168673654e-05
138,0.0034445635832269323,0.0003904722982966619,0.8353901608936941,0.02030244292545362,0.13415482569135548,0.001127860079230147,0.003299512025382375,1.2058955656281125e-05,0.0013022906573820585,0.0005758128903221006
139,0.07874544801595736,0.003922610307647341,0.5224648718766909,0.09348683294875519,0.01732222673543496,0.06242246735570767,0.018116107763008517,0.0020064550770927227,0.18664740811846758,0.014865571801237824
140,0.3163527091671136,0.043343040715677864,0.003034586314872669,0.011309060409165827,0.0032721322505147887,0.001508633552371275,0.008909600702732758,0.2452680368499203,0.0002853690586426073,0.36671683097898833
141,0.20192193121328952,0.08318032158001192,0.00015887174303183006,0.005817226641101519,0.057270314881529075,0.0020113325008435084,0.37524794213436535,0.2321790472278117,0.03899159419412073,0.003221417883894762
142,0.11091565201597892,0.024431060938987677,0.007914885336491883,0.0015720112528112577,0.026053372832188088,0.002636188177303671,0.046172349578930745,0.7316172475409164,9.265307574173486e-08,0.0486871396733157
143,0.11411065537795619,0.21954308783735185,0.0020633689728597163,0.00038938698386467905,0.12719651747715308,0.0037303566045476843,0.522694556857463,0.00027021271685770263,0.009029854726407245,0.0009720024455388008
144,0.5069353527868011,0.0035228629697009496,0.007045973289884614,0.00020303105109369617,0.4208852279153171,0.010194834135770993,0.016494738876682583,0.034375498906462236,6.739687178447177e-08,0.0003424126714148897
145,0.025426767655987396,0.0017824302262552793,0.020564578108761493,0.014824446289337942,0.014656929865358218,0.49091838110515684,0.3814617630815034,0.008696486283112693,0.002771898277974689,0.03889631910655191
146,0.3390251318550011,0.000334567341470453,4.23915007331482e-05,0.0010160829943649365,0.0022359296356253815,0.00025655993232405385,0.0015836167672954855,0.334280887582533,0.06654267358675356,0.25468215880389894
147,0.17430824124445982,0.32230391865618496,7.197139605417579e-06,0.000533550965460943,2.8517180541665904e-06,1.7107175477084732e-06,0.07627009163943883,4.3608617008336204e-08,0.41974480911121087,0.006827585199420293
148,0.19524412149959403,0.04776928490554862,0.003945360121465765,0.020591990570147004,0.47130020091447367,0.16159440350877238,0.07126724615918692,0.015254240590852676,0.011346989649998883,0.0016861620799598648
149,0.01553409283642188,0.08504564516238837,0.11818304503511042,0.00014458839345320683,0.7418991931834159,0.02188586349767114,0.012545443438126674,3.545920400477439e-06,0.004567047076774489,0.00019153545623748624
150,0.43887884032465196,0.3014787094620023,0.04729509870735722,0.0004943692086373988,7.537485661220263e-06,0.0013840540464810697,0.002632469717251931,0.00053338434088982,0.0019782576782792997,0.2053172790287877
151,0.23892161747181453,0.6989401247280643,0.0189702333988001,0.027880959770978694,4.115699692553098e-05,0.00349101117350444,0.010692851922594422,0.00047398184043353277,3.6627769547868544e-05,0.0005514349273366333
152,0.09399819893045123,0.011812299810089537,0.002309295314061182,0.02290947212387948,0.29987861388641496,0.08786634703675135,0.0913029086152489,0.24067865559165436,0.12236734074346985,0.02687686794797932
153,0.061390442448544864,0.8954466039986203,0.006245899938103302,0.0315398474131768,0.00041416842417080197,0.00014460721786529784,0.0020577055067616586,9.10529415452628e-07,6.732822424830251e-06,0.002753081700916727
154,0.0011609282885698547,0.10246308376504824,0.0022891162066789937,0.3846489417909559,0.4123582606384932,0.005299386779629823,0.08563026426760469,3.3559216753855345e-05,0.0004298274133775403,0.005686631632887916
155,0.004861394495694371,0.13442590950729844,0.003261905215094829,0.2305595290623224,0.03656542013556024,0.37358503899295825,0.1790967338693757,1.5284933871830037e-05,0.03240741895720894,0.005221364830614922
156,0.61882839532065,0.03234570309888985,0.0004858543316316831,0.06622906378654471,0.009517405709673587,0.20861355890827446,0.03221800956570745,0.01851638584888259,0.0007887856161915882,0.012456837813553926
157,0.01669089125789311,0.0013221315652084877,0.1876608053084895,0.004115257236703426,0.021897146910029263,0.06507098331847644,0.041375741515498624,0.29105947632870627,0.00015791040220750242,0.3706496561567875
158,0.08669379692263147,0.007151941368641754,0.0005986396461305979,0.0006490670371111714,0.058804409222764274,0.12059174059832714,0.5085265066573783,0.2155605247994928,0.0002883906735914616,0.0011349830739309722
159,0.15550169917304124,0.02831416122225945,7.01882743697454e-05,0.027749711487294836,0.05148533126736195,0.05263949476949961,0.6255851198312075,0.047531048162749584,0.002184506979761814,0.008938738832454404
160,0.6097697102516301,0.0055345521952535285,0.00044525658293974627,0.10159320591415696,0.15209404054536052,0.02611556092931788,0.00859002230635363,0.06867455296421819,0.0026697376770788484,0.02451336063369058
161,0.2962572532990293,0.0039724071894298675,0.0008917515571435007,0.0001832529035049999,0.042845920588510396,0.00027436453623149186,0.5311965446655207,0.011356672099515491,0.0003916253854651712,0.11263020777564912
162,0.05794736641126741,0.020047779250318077,0.007155391464692074,0.1766413926049482,0.008825926386463309,0.5386502423105579,0.07494914302854305,0.002510830401836894,0.0948549401963419,0.01841698794503116
163,0.08068701830653303,0.0038064618043526306,0.01875439421775011,0.0004174188439528351,0.34902946777277427,0.04978067146083373,0.32224021261568536,0.15248038579550932,7.9435057913763e-05,0.022724534124694978
164,0.013928310069941677,0.5911653059188237,0.0023591988541214115,0.11194407881108921,0.00013907169405462602,0.2802778592024838,5.8722675018112334e-05,0.00011965578734695393,1.4461041343207817e-06,6.350882986133754e-06
165,0.01766607383003973,0.006907772931389247,0.0068246125153298256,0.3310527826533851,0.2232364574944904,0.0477952609124058,0.041151140142157296,0.06768723735920247,0.06616132615847808,0.19151733600312218
166,0.13192134150267062,0.06031363481143927,0.09421344999668049,0.06101562646702574,0.047945754452989466,0.2261692932447623,0.20477623362643363,0.10824797718609573,0.061237391521136844,0.004159297190765978
167,0.12963219790182653,0.005685419174324203,0.00034518516508799695,0.019920905061723646,0.015484403021993087,0.004012079111898178,0.05621344669006056,0.7653185495540982,0.00033269914707236367,0.0030551151719153515
168,0.3111084273498286,0.010481677073672029,0.019709913431008634,0.004996335265360736,0.33528038418900485,0.0225436747795989,0.293078230300924,0.0009188878069095961,0.001640207067139676,0.00024226273655286027
169,0.0195207232271785,0.002815546016631502,0.10048033062850621,0.2929460863875572,0.04240044681413208,0.36780847406111455,0.006735488538392112,0.00783004569916714,0.0007467351449393397,0.15871612348238123
170,0.022811704660701773,0.006566128806692082,0.0004136781003448129,0.11939138902197317,0.1743496392687982,0.06885475245215598,0.05387453710976501,0.001549422099446106,0.06444329778595517,0.48774545069416764
171,0.0017242382796418979,0.4558230139540528,0.016220758010423168,0.4025871166659751,3.614248701404562e-05,0.10062333866184113,0.018082968987007605,4.379877211633978e-05,1.2016990562784752e-08,0.00485861216493733
172,0.08222937175001033,0.0015930655642502885,0.0004858339763973434,0.010323311995140125,0.4138755265454422,0.07590152869569268,0.07203992144438827,0.3395472356044982,0.0012451869787096315,0.0027590174454710454
173,0.08333837655522795,0.0016051436000755965,0.02493707004849955,0.0016725053645076187,0.25743167784715326,0.003413338610267946,0.06989288588074899,0.546585270608595,0.00011982440844826094,0.01100390707647601
174,0.12938658801279954,0.006230252998026436,0.00010675174773749506,0.37549009951926654,0.10471702526419843,0.19083380208902453,0.0022968081224448286,0.14127044735614036,0.047002265168447556,0.0026659597219144226
175,0.8247286522203169,0.009712966533527795,0.03040819439128373,0.015528051680514821,0.0006939462652099096,0.0015415445449217286,0.10426888130043245,0.000336630926793509,2.6114932229096148e-05,0.012755017204770295
176,0.353470838956873,0.5738396650250384,0.009905346642517226,0.009164136008341223,0.0011049302551387776,0.0001070686483778106,0.05087765225125741,0.00028102836065297505,3.4600118025072566e-07,0.001248987850622996
177,0.28100048075682826,0.5090735899118404,0.09966242243366218,0.002329126149861548,0.003010192673224293,0.004084797915936331,0.08083720860555141,0.017489133916117033,0.00033606480408065505,0.002176982832897776
178,0.1259742241506477,0.02507908084658344,0.0024977040224148576,0.041613027317440654,0.5070917175588431,0.19756941021956081,0.009776678390872618,0.07332732708505785,2.7937719266570214e-05,0.017042892689312198
179,0.033288695762068804,0.0004255971034772277,5.093770492360366e-05,0.0013357822578500946,0.07928355218427459,0.45472262910147415,0.0065411775394936264,0.17949047411667124,0.0002511689245858723,0.24460998530518088
180,0.2049886125328934,0.025339008597086796,0.07065840715269534,0.03852536850600162,0.14235250766910149,0.019203469607496925,0.11312691137577516,0.13385107703427648,1.1464246667741645e-06,0.25195349110000587
181,0.6900277869889283,0.007338008669132759,0.00366059662670342,0.00456240668191834,0.001483800934252193,0.00047639273934197194,0.014717569320303346,0.07200949836383008,0.004285340501981621,0.201438599173608
182,0.38528329045059434,0.3006883236176868,0.03849585113106004,0.0016951303022966532,0.031264833698494164,0.01302927581999346,0.063598733225427,0.10959443178118651,4.5361892647614663e-07,0.05634967635433431
183,0.13740349792335074,0.7528657185242558,0.0616612516106441,0.011329629404524616,0.0101629993567716,0.019985695098703397,0.006580536848417446,4.7584045457365765e-09,3.230050687717861e-06,7.436424240063595e-06
184,0.040431391889196214,0.0399979612496279,0.04103200084589299,0.0004129794635034193,0.0001379554840448075,0.8520639550358209,0.024952273659188246,2.1354344827579176e-05,1.1260687979917896e-07,0.0009500154210183047
185,0.09914586909445573,0.5821955671563405,0.0034898669594842302,0.11749871758366166,0.010125207984493963,0.053071173806423115,0.05537115649345153,0.00034106652798086286,0.07795321069587358,0.0008081636978348038
186,0.7847000722022295,0.0020710113215545935,0.003585336182024084,0.0014997960297315422,0.001941898668643896,0.0010217834958841953,0.003283470777775221,0.00493916712476917,9.215398872551465e-07,0.19695654265750065
187,0.003872098352439691,0.0006367370038444253,0.8243257706900349,0.019052628133083522,0.04377362357867129,0.014412712417606284,0.09053844501180852,0.00023998068673583228,0.0005301109260580944,0.002617893199717548
188,0.243308186920098,0.00014833162436853913,0.014054858221679815,0.0017652665038130706,0.047034671035753726,0.028134023053245295,0.16785437125461627,0.4348322615436288,0.0021234643368416243,0.060744565505954876
189,0.3399954745683991,0.16845394826751867,0.0068736223982366115,0.3461783770508401,0.012048800930400113,0.03398200628830111,0.045801146694894844,0.0015258177789690616,0.003144862328833701,0.04199594369360684
