Sample_id,Class_1,Class_2,Class_3,Class_4,Class_5,Class_6,Class_7,Class_8,Class_9,Class_10
1,0.05774533796942066,0.06408290553076583,0.6440414225492558,0.015406913657263408,0.012598618240450547,0.07338593742970734,0.09156501654878127,0.000908161073567334,0.034873999878588566,0.005391687122199195
2,0.12185885535096894,0.0633559415390785,0.17071036938232093,0.04130887003093918,0.03322164518793347,0.08016245371576743,0.10755349017909005,0.012539586323466832,0.3549160875555756,0.014372700734859042
3,0.7253587401114474,0.015182079466317756,0.0014369548680371888,0.0028704794495209873,0.052978750589286513,0.023156711597242897,0.029103760161187646,0.13264554906607673,0.0012417524369897363,0.01602522225389308
4,0.9473438807797347,0.02891662730650279,0.0015040127253822192,0.00039919581158413,0.005071651931341031,0.0010260184780015778,0.007233853947762532,0.005064218456305051,0.00022732951571482235,0.003213211047670897
5,0.9692794292942638,0.005643398793084634,0.0006236997654149694,0.0013527600862049236,0.001824994859038265,0.007871088711534363,0.0019616980735250537,0.006847923020389722,0.0004693024517663815,0.0041257049447775695
6,0.14204513831889348,0.0008045243748570353,0.0014780537880271381,0.0040258519747759375,0.0470366947826615,0.04657926142644493,0.017189222037205854,0.7360552110716233,0.00030285837589010873,0.004483183849620589
7,0.16089041813985672,0.11323850595529349,0.029674317986000773,0.03419160180326397,0.14818130763960835,0.15649233523742093,0.061524999815300296,0.005302704966584559,0.28327670233426255,0.007227106122408346
8,0.7445424300452281,0.024711244826561184,0.003682984756712475,0.0059073741580218265,0.05692835091879244,0.005780027053792694,0.04990099031266254,0.09765959705474812,0.003083089923555327,0.007803910949925175
9,0.9516700976747621,0.0006167341028270856,0.0029159002223620627,0.00035276346284421355,0.02260045582499097,0.002999653263552869,0.004633057645941331,0.011499351152005928,0.0009158889877180309,0.0017960976629954174
10,0.35594870153191505,0.577563376515539,0.03137940645953843,0.0048641325341241435,0.001998025888685096,0.0063181433751760205,0.0030699668539802775,0.009856349320644405,0.006817235113082162,0.0021846624073153173
11,0.8480732063342981,0.01866854722901714,0.003192109775056062,0.0004908132626609156,0.047574385595975204,0.006987090956317016,0.03821625478010632,0.03193625365434472,0.00027281318908989734,0.004588525223134573
12,0.2242138341715985,0.02151141993948748,0.03627777312664408,0.04105961600391198,0.1748661270643016,0.006913125487576047,0.15510791602116508,0.07599081609421364,0.012185005529695554,0.25187436656140605
13,0.8655915626259261,0.09865424671531112,0.007756442897710157,0.0007792706233149558,0.0016868184616862126,0.0016755155463771853,0.006774416512092997,0.0025425880149444963,0.0007884426594888622,0.013750695943147742
14,0.23508047121606865,0.0369799377575785,0.025334459070207913,0.10000393583713078,0.07817423800105329,0.09027252053615617,0.029350338180104,0.2737738294595118,0.05200498643972377,0.07902528350246527
15,0.4463970913299593,0.10930962648250643,0.0031492237876311682,0.29251949277279293,0.046821434756849405,0.02222659161962973,0.04908860129469634,0.014516755612265737,0.0014171455470398044,0.01455403679662919
16,0.40553541762502393,0.052546344665515936,0.0014405513821023476,0.17680857358693902,0.05679132055344601,0.009371583014150918,0.08562751561830727,0.18619750724020168,0.0025968771174453226,0.023084309196867547
17,0.3368845713048015,0.14797552739247868,0.2473102249110931,0.02089637072102246,0.04360398013040492,0.07714984189569446,0.031384095477949105,0.005142654054912557,0.07580487934962682,0.013847854762016411
18,0.9434601089629784,0.03670839608783494,0.00799418277350239,0.00018988838677445235,0.0026536644522617975,0.0011872684247454738,0.0022012759265906423,0.002510751475038436,0.00031822440967949045,0.0027762391005938954
19,0.09607885002402211,0.020854316772356947,0.34753316450853367,0.012573581527280926,0.041255977801061536,0.3453806732697832,0.019547528512541556,0.038797461822409104,0.06212248698781642,0.015855958774194587
20,0.15526718805653422,0.8107769351945008,0.004985367396598246,0.0025536492626920073,0.002316114814284697,0.00324680171240078,0.01513980874484618,0.0003691960474809184,0.004317467740155329,0.00102747103050657
21,0.21253064775222036,0.7364763546158835,0.02893712500255924,0.0034045180242385812,0.0009398914532414269,0.0023606723302347673,0.010094104305321733,0.001394596276823442,0.0013991695908846234,0.002462920648592479
22,0.7667051938167435,0.009302490756435659,0.008837139058315468,0.026485785958626492,0.025296650299861258,0.04187201923088511,0.06852279557432832,0.02495580391076718,0.006883735939302256,0.021138385454734527
23,0.9006530612438995,0.028866326251048253,0.0030877174275453874,0.012034727241975067,0.02289970665499835,0.001563836444114236,0.003121857541911169,0.010822106665256737,0.0001560026447688311,0.016794657884482474
24,0.23886771471456547,0.4336403752748265,0.00409110987631402,0.15854769397646684,0.005988622464841536,0.02265184633151442,0.03017979113004744,0.08217997515195156,0.0016280006440826044,0.022224870435389593
25,0.7699555708911083,0.1490140180846213,0.01530874171262642,0.003005751149640384,0.002519858398602509,0.0038808084974165653,0.008562172850972417,0.04108989851280236,0.00043166310657164196,0.006231516795638037
26,0.10113165030633157,0.22260573202557488,0.009705355262089767,0.5275328137523448,0.029537016152481013,0.029401959849464854,0.05377849434747102,0.002833533920246608,0.00487916702756537,0.018594277356430104
27,0.03329414137623256,0.30129150915418645,0.4612631611477426,0.02920475379312402,0.0068980556782811606,0.12909878317473886,0.020660442156943622,0.00037163312910224773,0.01545394478348888,0.002463575606159639
28,0.15542041675115975,0.0002983487249540833,0.010853300869043722,0.003593457710269741,0.09817469323155656,0.011284844446979716,0.018639846165563898,0.68016263098812,0.01344450986333135,0.008127951249021074
29,0.297093320190012,0.0007416130720243413,0.0015121107540024248,0.01087146621510115,0.054468494407982,0.060910459397254875,0.023906199518604693,0.5070691925388334,0.03254688799654483,0.010880255909640278
30,0.9204856052580686,0.002882011806464572,0.004055829524277014,0.001273670215821799,0.02363229483369495,0.0065920778094569,0.019884735822100808,0.01954572239844721,0.0004547634418634146,0.0011932888898047755
31,0.12421174118480194,0.09901819401412894,0.008835742335815864,0.42278499740247766,0.022064993241790152,0.03796966804056504,0.06777793106411843,0.012348656776724509,0.0021800702392851647,0.20280800570029217
32,0.9718281069551787,0.011518980213487351,0.002112955791222266,0.00020201275879787092,0.002892512858056002,0.0002182376412318785,0.0023585995916877425,0.0017884427334261997,6.069754639242262e-05,0.007019453910519385
33,0.5455711236184785,0.04942835763771573,0.0018397460488539926,0.0033990371670816802,0.007026710284048792,0.004761805630257285,0.1689228029987679,0.17610415376422395,0.0008969353968933308,0.04204932745367885
34,0.21889109111364047,0.004508202254419936,0.011081289859794638,0.049384881238529243,0.17065159296590765,0.09553125207979195,0.03391258353891371,0.19985929359174417,0.1738013150337002,0.04237849832355807
35,0.05096123905414302,0.028959658698406072,0.0009304760967533905,0.8356966002460383,0.0126283844700623,0.02248974619875834,0.021972803925137396,0.003755030536777554,0.0024970103651076932,0.020109050408815915
36,0.2119725594393144,0.3350211134921932,0.04850312641622073,0.1119285510918901,0.02792587267087125,0.17535838277063695,0.017998072466930037,0.0181039422733072,0.004754406603632969,0.04843397277500325
37,0.9458886593817019,0.009855258502505852,0.0026629133860396506,0.004867942359872601,0.005807399099386225,0.005216779164805398,0.007978278204154218,0.013310898283530046,0.00020931866114678413,0.004202552956857167
38,0.9704112114870471,0.0026304163302969703,0.0008618334471247895,0.00020651252713559963,0.011753070100659535,0.001143665447658095,0.0037303912368866297,0.006809548407660176,0.0002842628407441998,0.002169088174786683
39,0.9469664902520388,0.023959429360506317,0.002729351240255287,0.002661580305104435,0.006270494015020697,0.002151069557313413,0.0020382492593095792,0.005280097516281485,0.0004366068211894354,0.0075066316729806605
40,0.07822640924231625,0.785709758994005,0.0036185238644289644,0.04691194849094844,0.02315214734417651,0.03577101800290974,0.012410367050196942,0.007387623205214338,0.004550779782808265,0.0022614240229958233
41,0.6725152230639314,0.01343137460207658,0.0051323681136682545,0.003354513546689791,0.06187188236865114,0.04188493228054423,0.04108243595524567,0.05333437751036975,0.003651242200067675,0.1037416503587555
42,0.42434868668500464,0.5090381996237197,0.005156206301747817,0.010768384992021197,0.009765485128195986,0.0037763641898857564,0.013476736102979003,0.0022281760761140175,0.014198583821361577,0.007243177078970358
43,0.3300541843045909,0.021059888098607968,0.21978866388416696,0.009393375330123271,0.04033594590853463,0.23088681835584127,0.02240053023563925,0.07717981545508328,0.02052749687500076,0.028373281552411683
44,0.5743764391845312,0.07079075013013844,0.10050398773103668,0.03554898442606627,0.019301682575622498,0.05010566346678577,0.028858042508357228,0.06558369769212131,0.03750823602211666,0.017422516263224053
45,0.7706674871704885,0.09115521884347594,0.004280558959958824,0.06092869975960161,0.008278704732984171,0.007645971555424276,0.017656159201616728,0.009605336595511106,0.0026497739758102623,0.027132089205128516
46,0.05565253814061785,0.9390186281099139,0.00180652998965014,0.0005177503077088836,0.0014919333608176344,0.0004670844237342736,0.0007920380260800461,6.534709832202615e-05,0.00011183626557730318,7.631427757794684e-05
47,0.1229460900401907,0.867102463732725,0.000878983513793643,0.003874614579429929,0.0013807204928515694,0.0006377865138471502,0.00253760656956345,4.663713212826185e-05,0.0004949211901281082,0.00010017623534226056
48,0.8468307393120965,0.12494145837447294,0.006995585723764533,0.001556905636775101,0.0071625479214320565,0.001366062885045112,0.007222861259018241,0.0022570602679910052,0.0002812841846091695,0.0013854944347949608
49,0.19695741432997163,0.04505121695852761,0.0025461239634234716,0.4386587933348402,0.041496478701199276,0.07445435923549143,0.024867258508047833,0.1627578242957913,0.0007394962399992337,0.012471034432708195
50,0.6133622459263102,0.07256526378136595,0.0023451586056317283,0.06514492466949488,0.022978515739762527,0.0784416312696638,0.09607419711034852,0.030630893892158114,0.007717545358835445,0.010739623646428786
51,0.1201025426068427,0.8401755732336004,0.02632662117104482,0.0030240658679709684,0.0017173837109104144,0.005205338552618194,0.0013531037514068773,4.1728007560938906e-05,0.0019289476667060641,0.0001246954313386876
52,0.26027404144247185,0.009488881553730706,0.2495981434008169,0.05825463202284421,0.16014836477517255,0.22268522647718933,0.025789083875412813,0.0047203342462414,0.00496435780224347,0.004076934403876774
53,0.1510204479793482,0.10722773803968859,0.00525917394887886,0.1816368066021671,0.04468441930735949,0.14328356881666107,0.34490617339159785,0.008237566188987038,0.00842468385861287,0.00531942186669894
54,0.5639708569876106,0.00860854078441154,0.0005352671398114588,0.02956510601760223,0.07462444206625192,0.017026298830219718,0.05630167264514705,0.22753960879611698,0.0011247340572519571,0.02070347267557668
55,0.0198109548646323,0.015733404022708546,0.8515466919966245,0.0009527561609083635,0.012818777220678425,0.0551902564972825,0.0023489179874396707,0.0016532219243893878,0.039690456265984185,0.0002545630593521083
56,0.011072377278041301,0.011447875282125094,0.864213580796975,0.002952597055973531,0.022243112377214335,0.013515030796540258,0.008188547265944717,0.0008619045594455757,0.061135969470669335,0.004369005117070997
57,0.04049066509683477,0.07123203427603435,0.021042091502105703,0.04899094100340017,0.1969298765511482,0.13206036436881952,0.06345952908244666,0.011427158304386726,0.31649705668890354,0.09787028312592047
58,0.9118245100616819,0.052212011504227315,0.007383537106259903,0.0008446939647305111,0.010903051988601435,0.0007777918998655256,0.006133489771532798,0.006090455600581226,0.0003607448150515098,0.0034697132874677446
59,0.014607217836694258,0.04724769499593456,0.7006568693400246,0.00766728453066245,0.03819248604242192,0.14019744487429897,0.0037713928948943628,0.0014122171270004463,0.04435413432455605,0.001893258033512549
60,0.7301193931359418,0.18913709060266262,0.012350400876631874,0.0009883518262468844,0.007589393036283642,0.025225104602950278,0.01574587414885292,0.015914996358054753,0.0008254778760151548,0.002103917536360158
61,0.715866225123782,0.00931930248077064,0.0024235696570510073,0.10286594729929517,0.033044123727210016,0.0285432537956839,0.07753416672411435,0.014033334874824551,0.0018982319224736558,0.014471844394794544
62,0.9699429186614609,0.008780425300490955,0.0038894625774921845,0.0019246856343270297,0.0026826784885037856,0.0038925239383401987,0.003050780612069709,0.0016469688129566124,0.0002726855145889815,0.003916870459769706
63,0.13054591802721652,0.18371306412729005,0.0023462225045910797,0.40587497172532705,0.044023080855339444,0.10479144863293716,0.04162662480579414,0.06463493785399103,0.004559706571376864,0.01788402489613672
64,0.9242555052606592,0.003854257261059351,0.017231833311616634,0.00161793137921315,0.01053988930039862,0.004134015263588691,0.007518673870692368,0.010720561713055774,0.0012844953578089614,0.018842837281907044
65,0.18299295357425624,0.008542606667715981,0.004548992552357006,0.1911918691507912,0.1067877798372525,0.3818727535627509,0.06049496829966789,0.010327307574282827,0.04756897298962752,0.005671795791297839
66,0.3101644799296871,0.655377821548986,0.005006154698449031,0.0033424061927176878,0.00306768262494731,0.0006400385091932735,0.00565006067430806,0.001260660986722086,0.000527213161595999,0.014963481673393557
67,0.8947073694366499,0.016876890631920903,0.0014477371106864645,0.0046644428321385226,0.0020192362991221713,0.012615691241182888,0.0029673933076492646,0.05129398358041258,0.0017100772614912715,0.011697178298746138
68,0.05458076910053039,0.5531611386168132,0.001547152388148556,0.314657141755141,0.017260686590716435,0.007869125163389466,0.046577248586131194,0.0010683044007706605,0.00036757557507206807,0.0029108578232870707
69,0.10796594276862023,0.7230485261270613,0.007809486599088601,0.10824104013543556,0.024659243510293742,0.017435594395697727,0.008686112354463545,0.0001486056434356175,0.0009885537674017865,0.0010168946985016501
70,0.7173557906748051,0.10644465075922165,0.033735656720283315,0.022266306991142498,0.03597277692179031,0.020701013642708693,0.02144034172899249,0.029780103071197772,0.0008782064480072852,0.011425153041850836
71,0.9128131864753767,0.0070494183645576965,0.0024363742909812598,0.0004766449850869174,0.0038032718117787965,0.007866243143158013,0.0024011060317892176,0.05744711381553132,0.00022423137618696816,0.005482409705552972
72,0.6642933911685458,0.05111414366572002,0.007676414592953124,0.027451933685498132,0.16021136031285968,0.020038713013949612,0.02300226658657353,0.03933384270962822,0.002181867037447068,0.00469606722682453
73,0.6199653784424651,0.02036964867432975,0.0024435089144660177,0.036026313786055114,0.02200811018242019,0.12937963745703235,0.02476691587865517,0.1196525014801662,0.0012990428018704657,0.02408894238253964
74,0.1862055248006813,0.01955600206070149,0.031694460011381494,0.07746250447508779,0.1678608532184001,0.03523681990982301,0.3514728506935955,0.03676342086515848,0.005345396679394834,0.08840216728577606
75,0.5865458718656621,0.0029864807712067162,0.0026590584497765083,0.0007399326883585169,0.011781052046102428,0.001168659048701998,0.011692839289413386,0.3669007235860203,0.003022836146204166,0.012502546108553773
76,0.026533666691058715,0.8313688358328626,0.12267840849409162,0.0033411663393957684,0.0006609202146236794,0.008062016437562521,0.001631132616001332,2.823653507523661e-05,0.004890086168559187,0.0008055306707695662
77,0.7073222881175345,0.15822772082847547,0.014253866916226808,0.011724020423455316,0.008922613492077977,0.05232080441281025,0.009293103927734478,0.029739928441831265,0.0014992615415685853,0.0066963918982851705
78,0.02710514368295901,0.056251876094841016,0.7337320140419077,0.0027857175950408144,0.005626504599660532,0.07559558996444052,0.007437156262985649,0.0021116049941094198,0.08245690576049254,0.0068974870035627515
79,0.05163732838003366,0.013249943813847975,0.11066406751720059,0.014804182892624208,0.021992881587890104,0.35423065831034106,0.011723811557099315,0.0033371765276407695,0.4118439720224301,0.0065159773908921225
80,0.3892889658132912,0.10593149205280038,0.011161789011069987,0.06883752531515555,0.04110445274086835,0.10316861414585819,0.07185145248087972,0.06490597097824478,0.040238695488764034,0.10351104197306801
81,0.03740826751221237,0.0691833144333597,0.4906099465534755,0.00177337534476033,0.01658200230140374,0.30193607057783156,0.004530450356000739,0.003475629562284403,0.05894311028204543,0.015557833076626289
82,0.8222497189941083,0.03701473876607535,0.001466498179063854,0.006695328577223711,0.016264297434754715,0.004696995660393841,0.06572033166944526,0.041798450430875204,0.000398953823994597,0.0036946864640654063
83,0.9191390888053579,0.017057814762485635,0.00018944702376912694,0.0009977872236786197,0.005279334157094385,0.0009881141882067384,0.025719140037167406,0.024924582725547314,0.0025758776188003624,0.0031288134578924248
84,0.611623644328169,0.31203038739225586,0.0038221965657122985,0.051084284851213045,0.0045079035952455,0.0033224645220815566,0.009811515931424023,0.0005561440635949461,0.00016711100843477003,0.0030743477418689207
85,0.011547555303064488,0.019137058773202285,0.6642061948129824,0.004775637697169337,0.0036992963436936845,0.048710025227987654,0.003044340658914187,0.0005215730319986863,0.24292104226447217,0.001437275886515068
86,0.8612979056143013,0.007495506736432688,0.004039913390878785,0.003343682412733916,0.02255282996237635,0.005475890986040151,0.03991606723247696,0.02936853613793725,0.004994102039628392,0.02151556548719413
87,0.11285861433123258,0.05317538704956353,0.005958646872367842,0.6195164480403889,0.03851927518861074,0.10252069001457922,0.05968547997836614,0.0018820260468049297,0.0016602352837180837,0.00422319719436811
88,0.01282786070618928,0.16423412333084242,0.693482415863448,0.006194016662980679,0.005837400678248306,0.09060822198252355,0.007132573039101111,0.0006088249551665637,0.007372860209075676,0.011701702572424458
89,0.20628229274030838,0.02051773201706497,0.05092097701879901,0.4162645303994724,0.027531705667177313,0.08942758378996277,0.028758863712003424,0.12502375198921747,0.00926988150280171,0.02600268116319252
90,0.6278328863651352,0.004157503479632248,0.0033960981749023606,0.04009040337447088,0.02962478487913709,0.05606681639169025,0.039950363430684165,0.17638427237664467,0.0020791827023268258,0.02041768882537634
91,0.47023349474431597,0.016409195427481423,0.016739566585227034,0.02080176182305223,0.04399759206738496,0.15855372338692886,0.01747227599195578,0.026359362859584595,0.004717663359726001,0.22471536375434314
92,0.09675900536317004,0.3471031592192907,0.460886905562992,0.006011661927325122,0.01535579013051577,0.023804182615818147,0.033957182881657416,0.0015436883596998438,0.011295894927600657,0.0032825290119303306
93,0.8420598668575009,0.007181377662431502,0.00220195052954835,0.0006652436807780499,0.03921445143574547,0.002819574821894965,0.040531460592605435,0.0572327887363521,0.0011472779514974656,0.0069460077316459215
94,0.9543343330372592,0.016438433127004454,0.010739566029989427,0.00023926892786105494,0.008871469922786127,0.0009501871304482414,0.0022845217203055763,0.0030120359523959465,0.0005904010559640082,0.002539783095985799
95,0.7885706738692512,0.03682187044552052,0.0015528780217398295,0.01010697174221571,0.117222498603934,0.0062836883969617984,0.026018123465337398,0.005564903043172369,0.0035668692595600777,0.004291523152307214
96,0.7086018559024659,0.036628328647637626,0.005366569736266275,0.04639924317306001,0.013143695467449094,0.014034058245731408,0.04156776067907836,0.09433412361146273,0.0012239568028058596,0.038700407734042666
97,0.04695168853358107,0.007427358802544527,0.019379886339600347,0.02808999945247593,0.36132042624464233,0.3910926199309042,0.07379951521904615,0.039974944694722146,0.02685435012171749,0.0051092106607658234
98,0.20770085313372996,0.2984987670747586,0.06814772075937288,0.15496067046446826,0.019739359317440364,0.13073016107694313,0.053292605908301566,0.030767956571453616,0.0062408086680666485,0.029921097025464954
99,0.05432556083758978,0.8836475925751016,0.0043693145156621736,0.011189532612982283,0.015933226988015657,0.002130135271498768,0.0261569900848558,0.0012448597802817672,0.000772173205943533,0.0002306141280686964
100,0.24205106661769005,0.013457201177126567,0.17508117715735377,0.05093662032539213,0.1369544126217863,0.1335435045052041,0.06469246118308339,0.08263977768967333,0.07038696693332887,0.030256811789361713
101,0.9003797267301665,0.014566772402012864,0.0018499361989044842,0.0006814121629181635,0.04002146640840998,0.0013135183745780696,0.015016233443762787,0.01716435522362796,0.0003368861337264992,0.00866969292189262
102,0.07909603592232711,0.024556847198384794,0.002093665554192579,0.6008418484173671,0.08332255442238723,0.04440225214161096,0.08825687401612667,0.01715801942115634,0.002522502035833872,0.05774940087061331
103,0.42025748875083874,0.018660300922987177,0.011482516914957858,0.0922201762585221,0.12058869964150286,0.11261290459325683,0.024498425828925023,0.04393761223756701,0.04735697606782496,0.10838489878361732
104,0.7336250912630078,0.03918956080088666,0.001273413613879998,0.014644752522187167,0.03230397118640297,0.04662130160315405,0.08535941074458532,0.035680800994244484,0.0019906025382260524,0.009311094733425401
105,0.276718587063286,0.28873980717759995,0.03528518335924425,0.24323768873990473,0.0326708888026768,0.03758731881739589,0.06028588906393263,0.007963124826718461,0.011659378157391641,0.005852133991849574
106,0.7576642400079211,0.19514463711146252,0.002378222875499411,0.0010441767991162187,0.0064670405998986805,0.0014522522898915771,0.006429951102750941,0.026876904183939797,0.0007503788944580375,0.001792196135061677
107,0.8188437225618584,0.004364702669400218,0.003959753265188132,0.002361328581352183,0.05805846878016614,0.020034170485933294,0.01698326286742177,0.07160860185568575,0.002461007601094293,0.0013249813318996736
108,0.9880466322061137,0.00455275315960056,0.00025288252827791925,0.00024046350689659821,0.0019200382740570904,0.00034761182548217356,0.001299529916448496,0.0017981142702894752,0.00014715547994396735,0.0013948188328902198
109,0.2010325363131963,0.2661122797772701,0.05143709190100059,0.2748596921837043,0.051352093630453136,0.060450898553750215,0.04787804916362511,0.009044205824015552,0.015428077157879999,0.02240507549510458
110,0.6694029452821667,0.025240535001671872,0.006947523982394566,0.0635630836524398,0.02574549621983534,0.017384653476117923,0.006823724608027573,0.1602085131630669,0.00043274154210341435,0.024250783072175867
111,0.14281549136442884,0.14623066525562764,0.36491096181172106,0.048098256253696195,0.015589360398030222,0.05366751850164412,0.025143130166325554,0.015199157940979445,0.1450154784515902,0.043329979855956796
112,0.034648453128796254,0.8691043491556479,0.06837713073798886,0.0008837235142292599,0.002643959674758981,0.006583607873740404,0.00927863033926167,0.003062413807905856,0.004453617476382103,0.0009641142912887403
113,0.9143607005147384,0.02965863832541319,0.0016018844382650638,0.001972807361027372,0.010120907943208217,0.0026211806758565785,0.011062470493649227,0.023278546389665176,0.0019171900909871339,0.0034056737671896925
114,0.7373567357088529,0.03241218072724053,0.0031681033231296387,0.002963353086492665,0.01728150445602959,0.005794119739136084,0.035177437246731204,0.09426215403763029,0.005821758539632077,0.06576265313512494
115,0.9742693780903209,0.012167722067748228,0.0036734371244347805,8.126140271951513e-05,0.004842428509465277,0.00041272724338212017,0.001653410954225282,0.0021491542899937477,0.00021440382187286173,0.0005360764958375734
116,0.33343011623572316,0.005312953380102419,0.004440582803240479,0.24311209969345704,0.04282811568684312,0.01696875764109679,0.1256080222535755,0.18138718527350095,0.005786792553874731,0.04112537447858593
117,0.9068973907961714,0.02806914835319817,0.017099950470431943,0.0009424331791615467,0.023938808256815637,0.0013468308357745037,0.009350566655515336,0.006733834850805904,0.0026768406219599265,0.0029441959801657417
118,0.9679761828375049,0.009103717523714847,0.006793425387083595,0.0005583681415312272,0.004042649633307839,0.0018267487352782842,0.004006750078819028,0.001351505419977622,0.000954006460733648,0.0033866457820488065
119,0.9815755841640581,0.0052919370292479504,0.0008160809797247495,7.274225260302148e-05,0.006700559870558067,0.0005173378317764038,0.003445924744456155,0.0009297546610877984,8.475002672291354e-05,0.0005653284397645877
120,0.7582892299437153,0.010788259025604437,0.14787118682312447,0.00256044120067074,0.024189390420600636,0.018098421401022066,0.0033630867475861357,0.013350205680329044,0.002884764180298351,0.01860501457704865
121,0.8913282297064355,0.004964940090549894,0.001581464511316203,0.0018355271548199288,0.012688720122769991,0.005483153102520997,0.006293929029625225,0.07401817851482183,0.00017030277855241928,0.0016355549885877295
122,0.9703543226074238,0.006881822685384552,0.000860777917148896,0.0004316055095589442,0.0072195084078811545,0.0011532232433219684,0.004295669819312106,0.004603531136631324,0.0002039250717590816,0.00399561360157831
123,0.10359902509931675,0.764506422810594,0.009058591784378832,0.05534392816711914,0.01734860550030343,0.026795678753622085,0.007753045060695011,0.0010942075671800588,0.00427529828445338,0.010225196972337184
124,0.9659040862267935,0.006372537688376463,0.0005086437721639664,0.0010548413693837523,0.008785623476368474,0.0003393323685671881,0.004449472520885873,0.005527955945204853,0.000293883427098853,0.006763623205157132
125,0.016583352707679383,0.0055765892859493595,0.8453807086670816,0.001187282450216252,0.09015789136512982,0.016450218522483684,0.015370306988622786,0.0011487964306320664,0.004619848395966667,0.0035250051862385345
126,0.17789809552688451,0.08401805533504861,0.03687224675396978,0.1613050596986436,0.1859609922693253,0.1255173865400419,0.07156802409895267,0.013438293521492903,0.11695083912782712,0.02647100712781366
127,0.7300998771321345,0.02578524673640539,0.016273503102310787,0.002559794475779009,0.01998398065085129,0.013599199010963738,0.036596822846937965,0.058988495035314274,0.005263544026381195,0.09084953698292166
128,0.9688323122672537,0.010903193916595577,0.002775027376712031,0.000989493001618475,0.003846363459888597,0.0036100252820411628,0.003372738747079255,0.0038326349508538537,0.00012711568855064458,0.0017110953094066118
129,0.04024639222860315,0.3268056884426452,0.1702410347243739,0.1732741583416526,0.005422207280788916,0.12632374092244555,0.007463720806622176,0.0014993136981392456,0.13631569035503727,0.012408053199692022
130,0.30090420941488566,0.670044060283776,0.001027693042647429,0.008347346964527472,0.00186029786149324,0.0023275157510062733,0.013718426745344684,0.00018476104788458077,0.00018971131597449333,0.0013959775724601126
131,0.105246980433832,0.008991061842162616,0.025303164247175314,0.017226931987896026,0.6437240905700888,0.09382176357236229,0.05590791327526481,0.0049478668155678385,0.042842043206257056,0.0019881840493932677
132,0.7523242049257725,0.002893144196804814,0.0009244800896396307,0.000383678842297799,0.02024091572855534,0.0013866971595454594,0.013702510646461675,0.2004669000403853,0.0003253902071414143,0.007352078163396012
133,0.8738093601473305,0.004306104379365273,0.0014136827690880444,0.002976566802340713,0.03152487681854206,0.012297335357600738,0.005983501534914197,0.051227574996395825,0.0019820720004140985,0.014478925194008641
134,0.051230349527299386,0.02537085677975149,0.020935606680582503,0.014102775429376862,0.283069079926337,0.07895519086650549,0.06607336437756396,0.10340198960232146,0.30095402362962387,0.05590676318063798
135,0.7784862916940872,0.04528117522473067,0.09485673541041294,0.007017838482099711,0.046196034971451874,0.013535459281941229,0.010835357988821381,0.00053388764822214,0.0011752023512064229,0.0020820169470264203
136,0.051011175924711764,0.02220990340074203,0.0014874951188493168,0.7943567962845529,0.03013840837834668,0.04560654858156536,0.02430999230904097,0.01797046159034973,0.004248871303617738,0.008660347108223474
137,0.026960794586681,0.017570360664521178,0.061476586862599984,0.005312617120162001,0.00598613120596272,0.8186407365594455,0.015981586754374465,0.0017287908740683965,0.0458263316152363,0.0005160637569485072
138,0.04932442446656859,0.01524796000645341,0.8501018811833071,0.004072370465695014,0.03541130067479218,0.025555590868662652,0.004216282726445971,0.0014706726333787497,0.0111485334199241,0.0034509835547723807
139,0.29538152396665196,0.005474410821732187,0.4292064631925316,0.015563157529128294,0.05778229103868445,0.07378283969506913,0.03247217878544918,0.00961909908965576,0.06140773591593049,0.019310299965166793
140,0.7259926327055355,0.06007726124616558,0.005126140467522762,0.03625322488891046,0.01916149056321194,0.0065476015529158495,0.02774259457131518,0.08336011349823377,0.0020260850890668506,0.03371285541712196
141,0.8109926999896584,0.03650122550772996,0.0015185495407736066,0.011357535544088514,0.019993937748275098,0.0060688579822612216,0.029619010925056758,0.07884024210842869,0.0018650171614607112,0.003242923492266995
142,0.5494432192121472,0.028601826868932766,0.003542582851536509,0.02310945911623259,0.026118833612807167,0.004089681277203302,0.04489673684195983,0.26896465605690095,0.0014411121548528521,0.04979189200742694
143,0.33708635215662547,0.29209106202651053,0.013435996415367473,0.021180571695228877,0.10762617781382165,0.016128340332253407,0.15069346694120375,0.03858609374140382,0.0128282190568776,0.010343719820707403
144,0.9339822803290362,0.004450511278500016,0.003337746645007118,0.0012365469710035805,0.011884241231522182,0.0023065213288244505,0.004323257576559802,0.03514910216467578,8.754981220540138e-05,0.003242242662665647
145,0.19460066373591975,0.042257905513337087,0.030928396242803406,0.10609853004939038,0.046059445392889746,0.2832926744829491,0.16354576610123575,0.017358975372041917,0.03107324246438712,0.08478440064504565
146,0.7153616252377946,0.006585008603853181,0.0013688890625573832,0.0008048506212256923,0.008678050283326078,0.0018713016459289914,0.005513569808394795,0.2528042031260011,0.003573256712038295,0.0034392448988798904
147,0.5727369802088289,0.30884997852061885,0.0012890456838249018,0.02785883991880918,0.010873364949057635,0.0031982395770652075,0.04641736799795781,0.024758070683137838,0.0010604718700632442,0.002957640590636358
148,0.8736061173123912,0.010992222153032185,0.0028012163389018055,0.010405266975469884,0.04474077304075555,0.0384237890110318,0.008320132975469087,0.008934093588090986,0.0010716049093901327,0.0007047836954675728
149,0.11195376965269185,0.12664369180579385,0.25016387122828526,0.010981271507819822,0.27469689059936714,0.0924726700767062,0.01922667117470603,0.0015080637638324468,0.10686398322713972,0.005489116963657634
150,0.7095266156628611,0.18487545814552023,0.04368254437868289,0.0013282502681383054,0.012339236236410603,0.003610743912257392,0.012687688519075624,0.013756845899775926,0.0018840025239522371,0.016308614453325578
151,0.2807427878294705,0.6922359866770161,0.004073920988910226,0.011362694278674276,0.0010836733576029874,0.0007882405635974892,0.008288251900459514,0.0004336374991272792,0.0004701317210012524,0.0005206751841404199
152,0.4160468370961668,0.005000861613476439,0.006423216381764379,0.09296535141496,0.12205780171717788,0.05000560767476835,0.05762285828624498,0.16179069089681578,0.05409884781052944,0.03398792710809572
153,0.0341798649408951,0.9571676796182529,0.000995935367002939,0.004622035591939416,0.0009511128877568835,0.00015091589949640892,0.0014530018679592739,0.00017859961295610134,0.00011691849761244492,0.00018393571612874504
154,0.0942872585301047,0.23633997826523387,0.01574929812515593,0.3217387659684319,0.14255112362067493,0.02997611541981962,0.13279014780217074,0.005002871533161121,0.004142440472755238,0.017422000262491844
155,0.0659771737911739,0.1583668464223227,0.040624086190293625,0.14100033677017482,0.037800167688819636,0.47616068219963253,0.034811418524155376,0.002506598432403273,0.033735121538994536,0.009017568442029621
156,0.9323533901783895,0.02588594430400636,0.0013383586734725711,0.012820182441215074,0.003205902347255669,0.008080769132812205,0.008298275846176373,0.004574026992151819,0.0004621011540608475,0.0029810489304595484
157,0.1145797703144057,0.01869138674055696,0.09317819445143485,0.011273993421120806,0.055828372852533635,0.15591895650715076,0.1255736086427775,0.29373122538370505,0.017942561612807176,0.11328193007350743
158,0.3717231771650006,0.04614039007210697,0.0020284944375258073,0.012864213480221832,0.1460244277627474,0.10227002324702827,0.16913779176448404,0.13847515529089932,0.002803780575495194,0.008532546204490605
159,0.4718106156277308,0.10400324272236461,0.002321410081223907,0.04511239338553438,0.07950388402139937,0.04227188958831504,0.11367588055338343,0.12564509598574952,0.0056058908574971745,0.010049697176801911
160,0.6510846160531718,0.024612177393686898,0.011508610907178722,0.08941049646159836,0.06403680589341043,0.05791255414520296,0.029661761902981778,0.03957258664004903,0.007371267746539363,0.024829122856180764
161,0.6950715660371278,0.053780484008517794,0.013392576008344127,0.0033895913161908144,0.03201374914774108,0.01397869325701486,0.1163425976053929,0.04398414352266806,0.014602932058584416,0.013443667038418199
162,0.3002379261681671,0.10614345639183581,0.015359236023728545,0.28167068834643916,0.03614725941679806,0.15931085867936373,0.06338200911713389,0.00684602272256,0.009353774876034258,0.021548768257939423
163,0.3618138642107259,0.010778827591648396,0.010117574186168644,0.006550600828956897,0.1934410322115825,0.02693232568396858,0.1458978010742334,0.22046032842157176,0.004780046748280074,0.019227599042863974
164,0.07203048374617635,0.6942130900832395,0.013291524821441358,0.15946948226039342,0.0019833329843453153,0.04975323819436768,0.0041892822005107815,0.0004620053126977915,0.002650774220482336,0.001956786176345622
165,0.0578266379939709,0.008525446495295418,0.010115766578777682,0.32984570175355815,0.10348434815328009,0.1670295579777267,0.02854053877813021,0.03794956438273239,0.1669887125090242,0.08969372537750425
166,0.5388120961040324,0.07249879830780154,0.0210744729722892,0.08659682230784851,0.03286776353582889,0.10574253393089313,0.07002674440073038,0.045075795570236485,0.0188999071677086,0.008405065702631028
167,0.37029190032040443,0.014004927540415739,0.004193980331630325,0.012012549337837004,0.05919128580699518,0.01638734008333107,0.06449569337413284,0.38844756977025935,0.01708089338363617,0.05389386005135787
168,0.8714929000856216,0.03220824813194324,0.008794549687779615,0.0021572360463841095,0.0372376197369534,0.020317577512804098,0.020679104466348432,0.0011205981172943075,0.0036616128323754466,0.002330553382495849
169,0.08135447344769282,0.005060811910746169,0.035407637493177394,0.5160101226571843,0.017850226410987696,0.27354796645272333,0.00396935011458055,0.012710137797735695,0.0020104691315471846,0.05207880458362482
170,0.12232314371997914,0.03879359752264972,0.006564705844418371,0.15458553764935426,0.21243133062399946,0.23138281164751223,0.05001354651279081,0.03284279884489887,0.019834157093115434,0.13122837054128167
171,0.1047481432512862,0.8177974045710253,0.014782813777969328,0.03267856741822504,0.0014534514182128068,0.011866816065960852,0.014963527078485694,0.0002799585091388385,0.00012550714579456416,0.0013038107639015157
172,0.44490145971922157,0.0072771564067801945,0.004797849863416093,0.03181384355826729,0.20219596935557196,0.16324870465033314,0.029754414829547438,0.10531490786854494,0.005615614949825145,0.0050800787984922845
173,0.4907975014353585,0.0029746957463904614,0.01876236302141224,0.00751646586556658,0.22248932541287728,0.0206670953983724,0.04261015130811998,0.17465633475909312,0.00846889421679538,0.011057172836013984
174,0.35444511064838696,0.0430675248111567,0.00955493341922356,0.1417215765688508,0.11492935318065263,0.17913724212359267,0.02203156877768495,0.08888524617389419,0.014062758498749276,0.03216468579780819
175,0.965060816067376,0.013018600914045053,0.006019024887125149,0.0015750145226524886,0.0020819014130134027,0.001990012340991829,0.005271486866436895,0.0013514107668793009,0.0004381924198360383,0.0031935398016438776
176,0.3315830809677297,0.6528355179343879,0.0005960945506562694,0.004004350831795647,0.0008387041347805366,0.00018530494415329584,0.009303314749604429,0.00020565825786849492,7.950915651448768e-05,0.00036846447250930755
177,0.6954853613467589,0.22621835877614294,0.022488549871820543,0.0023168182078910204,0.012368099073442634,0.0063303657169574,0.006931413358877639,0.020995438930552602,0.0006540474062717355,0.006211547311284626
178,0.4906735739526716,0.10892158271062885,0.00378607469057392,0.12754365525379435,0.14350107600358591,0.04384429967719705,0.034062574154151905,0.021464799395145336,0.001708767456540489,0.0244935967057107
179,0.19818673200815193,0.0063510596862931465,0.00946285559784288,0.011770026706242087,0.1029165437493212,0.32422262178391326,0.019918376905900412,0.2759019852541213,0.006289543090528863,0.04498025521768472
180,0.5804495476855613,0.15011582737030663,0.012495265301238975,0.06715720507424316,0.03389345310034883,0.023805502832060416,0.05495362750266882,0.03438098703511973,0.0015614015190992124,0.041187182579353
181,0.9223244335602944,0.014162926678178303,0.0023288708767135883,0.0014800446508195354,0.007890227713814096,0.0029557223869227296,0.008889310850086658,0.026087114109661084,0.0005605020465243513,0.013320847126985157
182,0.8336448981172887,0.06836921893574736,0.005876028385319278,0.011517992609510436,0.019138343756742553,0.004937356537934352,0.002979819543560339,0.04518839903911414,0.0005029277475435691,0.007845015327239135
183,0.018094170784618665,0.9728270858582195,0.005126372553728431,0.0016252742260962345,0.0007829274299385017,0.0007251741864745752,0.0007074978635900992,9.275478785504502e-07,0.00010043305219685688,1.0136497258706446e-05
184,0.14712950579339462,0.3448917751819287,0.07507625495549151,0.050964250811469616,0.004876326221441292,0.3228919941759195,0.036913304721871584,0.002688323351482171,0.007014866637989678,0.007553398149011356
185,0.4789430973672868,0.4216825076978869,0.005433798380382561,0.028411012480577074,0.020355881446790628,0.00876789360743899,0.023211140539564083,0.0008769562766182248,0.010265084846910395,0.0020526273565441865
186,0.8773253078317651,0.02392201656752956,0.016206875592566238,0.001544515273492145,0.018566836395343483,0.009334139178955387,0.005878054728794175,0.02408608370494898,0.000226807934544569,0.022909362792060326
187,0.04004678362477869,0.005188107983917275,0.8199851172407504,0.02177675541789718,0.023743448258755788,0.05958821249416677,0.006739357125289088,0.006830401498068376,0.012462707610171974,0.003639108746204365
188,0.6197834651653573,0.011868576441301843,0.05897888827992263,0.020724720182985358,0.05705956129847514,0.045992726769328765,0.03760243923203361,0.09410109669098798,0.013040340523543035,0.04084818541606434
189,0.6768642935350178,0.14222578952548454,0.01308702747784465,0.030579755355796257,0.059238333503770474,0.004605986299214452,0.050689555279617875,0.006822395129552029,0.001780731699351244,0.014106132194350566
190,0.11271718691797668,0.04877264799736948,0.001142164851319852,0.4989514950158885,0.08449430107357206,0.01700749764891887,0.025226686969516292,0.027492923801194127,0.001515847369381592,0.18267924835486254
