Sample_id,Class_1,Class_2,Class_3,Class_4,Class_5,Class_6,Class_7,Class_8,Class_9,Class_10
1,0.0010245719992104222,0.0021787326610032535,0.9096064332261034,0.0032161354526711564,0.0004488020842248029,0.04583417702180117,0.028309166237507555,6.626026305791163e-05,0.00904775710123959,0.00026796395318078617
2,0.0011887814387147161,0.0009909484398037348,0.0289612801067611,0.004502707218869365,0.008038560358551538,0.007131386281089505,0.03390974110129889,0.0005368729753866494,0.913666104785048,0.0010736172944765814
3,0.06420112228308117,0.002509707490185188,0.0002589829093431302,0.0016900210576885652,0.3358003450478347,0.02896120158043649,0.1550512241093402,0.07378278698077885,0.0004976521407090368,0.3372469564006028
4,0.8112677604024694,0.047610449610581654,0.006460239436515291,0.00043668903205618435,0.022267793869099207,0.005517587414164583,0.032702484685265626,0.05520694241864796,0.002468298046211931,0.016061755084988426
5,0.7861740565793448,0.007816796962562218,0.0009622768484614437,0.0060659546802395445,0.004029306465065725,0.14171990254691613,0.0049036492011983865,0.03778808391932509,0.0019702171882744397,0.00856975560861207
6,0.0031004281543629414,1.5812326674095195e-05,0.00032101690616065425,0.0016789139219801096,0.03663717304627585,0.013579481688312066,0.016958400229283042,0.9244863555572462,1.620706629323898e-06,0.00322079746307556
7,0.0011585483370347292,0.002597652522298874,0.0009950569656346658,0.0005323471701790864,0.08317252135749792,0.039142864488089436,0.00887590855268717,6.277484100213624e-05,0.863354326245639,0.00010799951993719095
8,0.1875788236917704,0.012583203022395474,0.002019174485861649,0.003887161831573076,0.2720035216470812,0.003238681335129169,0.15837338309440022,0.34966778475648275,0.003127906579946147,0.0075203595553599125
9,0.4089637784333865,0.0005489511321336654,0.010842129126431397,0.0005661070184683476,0.48644763179403444,0.034148456591510175,0.02506126493216659,0.021557592445665328,0.005875238140029844,0.005988850386173551
10,0.07779839084832862,0.5646538047794276,0.2855461898881488,0.00741240611863668,0.0012133745357607495,0.007149573780077712,0.0007179391330233657,0.04607402891323846,0.008779752031495896,0.000654539971862134
11,0.10993005561142644,0.011804374834274605,0.00765242814741586,0.0002162039691942669,0.35349630261247555,0.07540823376180951,0.327381123971183,0.10999728404493879,0.00011052934114931805,0.00400346370613253
12,0.005471579987925625,0.0011540747698740278,0.00858978935069577,0.008507304237220037,0.38129802704260657,0.0005482630940476695,0.17097331384829073,0.014841977968872865,0.0012212497038881181,0.4073944199965786
13,0.5799607846914574,0.13227157644275891,0.03362368871871963,0.0006474994875222197,0.014767581202552303,0.0031121094076960645,0.07808766511374418,0.001195871315704652,0.0033889612496594474,0.15294426237018519
14,0.004317568563669134,0.0009447019979654991,0.002128147309438918,0.6179362206355496,0.021347023050089023,0.0193726966663682,0.0025809252758683533,0.14719861618700028,0.02908608661682477,0.15508801369722625
15,0.09119642952470838,0.06806184681415359,0.0020442168101571373,0.4732744244346175,0.15389609171729615,0.01888365905119584,0.18601162024544476,0.005004979340073624,0.000290639046568245,0.0013360930157849033
16,0.021420190732349263,0.02383035487579515,0.0003498506778332182,0.05454300142532172,0.14751075937385896,0.0070102516729806524,0.4867414986262909,0.23813732078576771,0.00015297928474271067,0.020303792545059842
17,0.019440267380339753,0.03625521202164637,0.5420958480530984,0.005111087954647239,0.025070963706254078,0.26238797129645103,0.03368806968836467,0.0002597377185775675,0.0706770960155395,0.00501374616508139
18,0.8551679617215232,0.0814826672805316,0.02274660747687772,0.0006233455373921542,0.005670604296101407,0.008190148980505487,0.011133126650033156,0.005521302167409004,0.0028085575779990078,0.006655678311627298
19,0.00541570270285961,0.0019633373536911804,0.2133424867975764,0.0004373921679252383,0.017383737159024432,0.6976936405908084,0.006638761947233902,0.004843961131129875,0.05024529332173744,0.0020356868280133836
20,0.011570025891792618,0.9267218303135336,0.0018580279837820065,0.0011583442211298563,0.00047099620929067783,0.0016792900103718637,0.008740324815638753,1.2496047099147418e-05,0.04755649584682518,0.000232168660536212
21,0.0411430350263416,0.871247332488226,0.06310080159493571,0.00018453809731266844,0.00015057698474169786,0.0011086436635579242,0.021531386880270887,0.0003381912735109974,0.0003856309800035169,0.0008098630110993022
22,0.07938740836760441,0.0014995669516538177,0.0050363332264993345,0.08970773681578226,0.015097642038896486,0.11791082065245745,0.6202449291960107,0.012890224367155765,0.0027014510585007356,0.05552388732543913
23,0.31848602815846494,0.016253383461233586,0.02894587915681002,0.2683345429675024,0.18053218463387785,0.021028537522066754,0.009997024204328393,0.0380431447067368,0.00012743312234935323,0.11825184206662985
24,0.02684540174262193,0.16575449376992132,0.006113402853603764,0.5010647153836707,0.0021192854255643314,0.05188780755258548,0.056036451815106296,0.1409901905588802,0.00091398183592523,0.048274269062120734
25,0.37917322345731597,0.11426268226250426,0.11225864841841045,0.0013365770023171704,0.00763801087351689,0.017329239800032998,0.03117916233325441,0.33240131095319125,0.0008115332480808,0.0036096116513759493
26,0.002243222239940738,0.042784145230256254,0.0012091669893490404,0.84373014080859,0.03109538626960044,0.01798352299793785,0.03456666427546439,0.00011073729394560762,0.0009985581921408341,0.025278455702774892
27,0.00244300240797026,0.17619479179755532,0.4716033030614564,0.07516870742332009,0.0018864608978857898,0.16562605496719351,0.020925228930828082,3.181936395442182e-05,0.08483257046675757,0.0012880606830784913
28,0.0005072788879898741,4.347662185425046e-07,0.0002333762689556471,0.0002320702462395942,0.00417380643882043,0.00025948913626170316,0.0011834312722414123,0.9861173058556107,0.004413276498431292,0.0028795306292306116
29,0.0025288993583205605,6.352454691353078e-06,2.862960771587212e-05,0.0010244292051257216,0.020563640551942815,0.0083565125425289,0.0018391961971665712,0.9383861802918679,0.022879259174338914,0.004386900616301209
30,0.16260712191974058,0.0008236839269979842,0.006557572902674673,0.0006899074383574838,0.14106875239146488,0.014006425524963848,0.6515437972768616,0.02228966492260843,0.00024419838455521763,0.00016887531177527294
31,0.0014474072310580448,0.0052161597725664584,0.0005648847239902383,0.19571717707948616,0.0024285701505045486,0.012637235686410135,0.00567713604462034,0.0011450731852250227,8.234334013941772e-05,0.7750840127859997
32,0.44519452672909327,0.011443221090173846,0.007497023513792095,0.0005949779252214689,0.00469739886659439,0.0008190445472705961,0.012190450848231634,0.008436988321344619,0.0002523250167255191,0.5088740431415525
33,0.014337251008483301,0.0040366626870819745,0.0006122638665381937,0.0001964864986184224,0.0009892524882858425,0.007486411053004463,0.4277191332715539,0.4389858716600551,0.0004391378171969822,0.10519752964918196
34,0.0006474483066144332,4.477255424716444e-05,0.0002589990015138634,0.0038715671538342815,0.04033365458075571,0.02220344758643547,0.0006033966444327193,0.012942335741319262,0.9151009622900086,0.003993416140838626
35,0.00028899480027030786,0.00044898435614477305,1.6202572559359992e-05,0.987236256372363,0.0013527546399188148,0.005587090884729382,0.0012003830582853312,0.00011649601507706994,0.00029598390281949255,0.0034568533978324187
36,0.0290855598669047,0.11087725432488338,0.021933890328522537,0.27630769679752604,0.01862466797012415,0.4814472053142473,0.0037725076763292717,0.003994607376024382,0.0008983068606787901,0.05305830348475944
37,0.2965570035372655,0.0037776391444949123,0.005696857798534527,0.5501850311781851,0.008387276591833031,0.004323291845769214,0.014188603097575194,0.058265884769853345,8.416841934972337e-05,0.058534243617139395
38,0.6508611990183559,0.003916088087134341,0.0008855249698793838,0.000569644950174805,0.21629600037924465,0.030798305975439227,0.059390997466227634,0.03210419902927838,0.00273253211170951,0.0024455080125562125
39,0.752665277486167,0.026338740747335065,0.013556586574438855,0.026661639389547194,0.06285951087687232,0.008632162503811738,0.002975443337683943,0.012873629604702432,0.00437116690319311,0.08906584257624818
40,0.005411417944845505,0.5359831189853237,0.0026936057644601098,0.2560518713759273,0.01823887233129868,0.12720081467946787,0.02820674372685487,0.00021539505712255452,0.023768663989172528,0.0022294961455269235
41,0.021109558766908978,0.0008634254890637179,0.0008759619529680756,0.00015610917415208658,0.04560321381463062,0.0459471587346225,0.02993530774826793,0.020716072877017155,0.011751036731759482,0.8230421547106094
42,0.13267924935702183,0.7640985861472341,0.005762319955063382,0.01309416185743798,0.009779085970788854,0.0041601059894467276,0.0438353994157484,0.0029837967864368158,0.008148385295271357,0.015458909225550524
43,0.03587008462997341,0.007371232939242352,0.3051976679495216,0.0039841919176976034,0.015929102870662622,0.17397500137149924,0.03395550764984152,0.02658905534996767,0.050504431688290434,0.3466237236333036
44,0.07477694432912176,0.02304847948198232,0.4152024420771072,0.01167390409482997,0.02338073390921524,0.14846414721010653,0.026325688541110604,0.17977289639004945,0.08653448784453839,0.010820276121938489
45,0.3119625611592666,0.045036263079279076,0.006220067131955424,0.40278548353463844,0.03936880773432339,0.005633841702021285,0.15225564604832934,0.010639677218725163,0.004745035261159875,0.0213526171303016
46,0.0012267712977660117,0.9942336837516883,0.0025197516546044715,0.00026066568836799063,0.001338343154074092,0.00022964347141433768,0.00013975529962618154,4.883842380888781e-06,3.2474225030454334e-05,1.4027615047177377e-05
47,0.01483258825355252,0.9095452032508092,0.002897821890901422,0.05774111377936666,0.0028194505289233277,0.0017242727633539389,0.0041200688014910855,2.7010938640120653e-05,0.006282085716560915,1.0384076400742967e-05
48,0.4021541480082009,0.32393725709071697,0.04009805535108103,0.00125629136724513,0.10016012710682243,0.0036318305647336183,0.12517590805178672,0.0015551747533689522,0.00093695020816878,0.0010942574978756567
49,0.0012951729215202777,0.000634387722096762,0.0002543768132048255,0.3452834654944245,0.01552781096834551,0.030007824293257476,0.0011342546670187483,0.601815597346921,3.251799441312454e-05,0.0040145917787977655
50,0.0555722453094704,0.024348901851442676,0.0011546023954829043,0.05136579533471044,0.027502143111186733,0.3431157691416433,0.41256326173836105,0.030422710320416553,0.05190202251018784,0.0020525482870980384
51,0.022117494222592994,0.9237494694027459,0.03145974610049378,0.0033574246473836115,0.0012222327621406405,0.016692015760977102,0.000205814627593387,1.934979052357941e-06,0.001192564134900978,1.3033621192872208e-06
52,0.008805728977333373,0.0004650448479146837,0.12289845607819515,0.12918147245546405,0.3024995521638806,0.4149080922927579,0.016776359766525084,0.0005957327492497604,0.003255486330381792,0.0006140743382976327
53,0.0016687307103432762,0.0016788196825527125,0.0005048521527368819,0.1608479050129053,0.015981946181543843,0.03343491703298231,0.7813937390269264,0.0014722962554796395,0.0027952681373268956,0.00022152580720262758
54,0.06211599847718762,0.0015751501906024457,8.129753510398488e-05,0.08056851953270355,0.25141657470306733,0.010865705547938476,0.17179106093833946,0.3870503614005592,0.0024504146420720623,0.03208491703242581
55,0.00022992245787147554,0.00028418176855223877,0.9362528117153928,4.1808022486720605e-05,0.0028009036210728862,0.010344727039943559,0.0002489040663773161,1.1158681436385205e-05,0.04978540009110272,1.8253576372474318e-07
56,6.384244104413308e-05,0.0004772822062764559,0.9695465853509543,0.00016997781962959749,0.0016265928727591636,0.0009587545831957222,0.00041381166431963266,1.4175785514121931e-06,0.02616263571324816,0.0005790997700212576
57,0.000524226499126519,0.0017338037500842782,0.0011186695666634864,0.0035981421055044944,0.16087719259250022,0.04468015621304243,0.03060654094932549,0.0007747599157085858,0.6663505786142243,0.08973592979382015
58,0.5318188846668481,0.08569980425339878,0.057503141048770814,0.0006978738077644223,0.22980900476938662,0.0012259936235920518,0.06088258880402939,0.026956157929836046,0.0002570101021375767,0.005149540994236149
59,0.0004337246824976677,0.005342157676680803,0.4218178640670352,0.005652881965691578,0.025335636589124994,0.0815875151972455,0.0005013924047002941,2.28709356143257e-05,0.4590332188008077,0.00027273768060209514
60,0.214458084398743,0.20893792895369775,0.02267559016431831,0.010575728997057825,0.05080493097251298,0.41109206688518574,0.048435023485325614,0.03133926419476003,0.000504396723241429,0.0011769852251573996
61,0.04748377231307489,0.002308790599489681,0.001017102113207447,0.357620967733338,0.025015979454609562,0.04519983687206416,0.48881118867519785,0.008768035760519249,0.0008340916316539681,0.022940234846845143
62,0.835209728904501,0.011110755305105495,0.024458906688149026,0.04737753718506027,0.009145629139200372,0.0482889508280671,0.013876767989737051,0.003266722145913156,0.0011679295138902737,0.006097072300376243
63,0.0010071952943837533,0.00909490639668154,8.055424216220381e-05,0.5832063177231086,0.017079752987371098,0.32236303127899024,0.028002572766867916,0.03672121835895709,0.0007694597949237532,0.0016749911565537017
64,0.631902717708131,0.004444977365979973,0.1010078642843878,0.0028617962127873587,0.030910135892272168,0.04141036534918903,0.02555653350144332,0.10674899173233496,0.0011391908218580334,0.054017427131616266
65,0.0025696023496232694,0.00032499716034139516,0.00047602466312351375,0.3702528876592792,0.05427564622332452,0.4289734228213149,0.044442679674991784,0.0015753967638771804,0.09682911379490419,0.0002802288892200438
66,0.0722357301771735,0.782110930061314,0.004663161711599884,0.002179065563137909,0.002090322207770241,0.00017555262205108768,0.017645246744448187,0.0009975369926441954,6.862939969762727e-05,0.11783382452016336
67,0.059575524045034814,0.001630012692333146,0.0005710283989664383,0.007062406335915188,0.0006277217547333971,0.025146605906141206,0.0005729437883279059,0.8668887757159283,0.002174710034428834,0.035750271328191044
68,0.0005503484637184127,0.059592366652353096,0.00018009271755608044,0.8979826926039016,0.005550549253285696,0.0036714047930807483,0.031161430031447803,5.1222426399513095e-05,6.102637664155052e-05,0.0011988666816154837
69,0.005204094013550102,0.3011530740413658,0.007936484481933584,0.5927019442623532,0.04624886473017016,0.03683304578746029,0.009352156675871044,9.501970109396639e-06,0.00018368499773958893,0.0003771490394468353
70,0.09676647830131964,0.13791332937682413,0.1760328381922804,0.12537788072326553,0.06865208484476255,0.0848482222347032,0.06748614549985439,0.1951800813465551,0.0023460768851061666,0.04539686259532874
71,0.18097791586969722,0.006573988791984626,0.0030349301882172737,0.000663376278171221,0.00742627331607127,0.047543077027611146,0.005683675308762787,0.6931862702329086,0.0008923586852043169,0.05401813430137155
72,0.03879970493070339,0.014322588221935524,0.0037928351090575785,0.048512799367030596,0.7585592835038037,0.031043712454277565,0.07959086023204293,0.015769871652637907,0.005840590800545945,0.0037677537279648785
73,0.03150443632671523,0.004220594058145877,0.00025716361201482194,0.09117473688698428,0.038773149575610344,0.37245764298612655,0.01609942977276016,0.3210515151291053,0.0005105499418448811,0.1239507817106926
74,0.001397671574312992,0.0007027881774349484,0.007097752451528079,0.010353645061679389,0.03104116937933792,0.02021660188640222,0.8463515511716082,0.0018561987870134922,0.0007504274762754933,0.08023219403440691
75,0.0026083783131268246,1.6063527543525386e-05,0.00012233776442049614,4.985065875007366e-06,0.0008944571980625511,0.00018939636720982043,0.001100047792310701,0.9943344993074038,0.00031860147885467136,0.000411233185192512
76,0.008163066677122943,0.6774428422287843,0.2897796384442233,0.0009875035767138106,0.0001598533843745209,0.00837970874248774,0.0008974317774955574,5.517352355838404e-07,0.013760168021473349,0.0004292354120890021
77,0.14223645081410147,0.11974072723259205,0.013688987037544488,0.026483783645080996,0.00782081986532201,0.6763437593865391,0.0016934078797989844,0.008580761518259874,0.0027247797383414167,0.000686522882419724
78,0.0009348538199719832,0.006417645756497647,0.7964303945228393,0.0005755649728974851,0.0006995881667816217,0.03693225559148184,0.00107716347841941,8.561491689991614e-06,0.1557554222617058,0.0011685499377148037
79,0.00018926485488560317,5.286033949654218e-05,0.0010574942473903217,0.00031228761403671586,0.00044522413924340547,0.07537394390063694,0.000835111524442228,1.8115813053794104e-06,0.9216459163129292,8.608548563357793e-05
80,0.014832715486682016,0.014616338033719584,0.0034459657605752595,0.03205331916147407,0.008588107580231062,0.09498954908779352,0.0327852272881788,0.003419977330427594,0.05169477529733518,0.7435740249735829
81,0.0006331697281403702,0.006512473738476536,0.06953955240491569,0.00043090633031174817,0.0013828000295383008,0.8999168334636521,0.00018230718509071385,7.505081422882867e-06,0.017592866131189436,0.0038015859072621128
82,0.3374276895669623,0.03350089582060147,0.002181459371988884,0.03487946428281112,0.07232683448557588,0.01133569374457353,0.4266883310956916,0.07729327326531359,0.00321060870757783,0.001155749658903803
83,0.31371219778058723,0.015634021572198478,0.00015714081611059453,0.0010008824782587313,0.01371866802065991,0.002601754995836099,0.47540125874165656,0.07306108620863365,0.10232042966574846,0.0023925597203102275
84,0.1092193037814263,0.3034981032766028,0.004206239365897524,0.4889533377159729,0.012918608311694307,0.05778849075042738,0.019063462727901964,0.00081111525386754,3.918444598097858e-05,0.0035021543702281823
85,0.00010048663108563769,0.00029717578569744775,0.09062161297568731,8.011443562784968e-05,4.4880776214274365e-05,0.0026870047721459646,6.236911023522222e-05,4.4170409637945475e-07,0.9061013587106603,4.555098549746215e-06
86,0.3986733497087572,0.004223245165843485,0.0035640378054237424,0.0052861916579420186,0.10239419650442144,0.01057655160838465,0.2539037919349304,0.0703194412087679,0.006462669703295447,0.14459652470223358
87,0.005270779113579601,0.023447282988437256,0.0017074616125248056,0.7137424038820358,0.04515771879011645,0.05106815215199926,0.15798189236630725,6.7001406741371e-05,0.001054755063526521,0.0005025526247316106
88,0.00040833106992645124,0.048183838783177856,0.5959511379211566,0.0031961594310896567,0.000994491778320448,0.3334825670214938,0.0032058694786658323,1.3756785211631381e-05,0.011104244898839788,0.003459602832117734
89,0.01068066639297337,0.0017592656081065886,0.038143594144789,0.491848825524717,0.0160514267493747,0.05607612922654784,0.04832424708527837,0.23725567978935885,0.0036024296546056152,0.09625773582424875
90,0.03968722764596764,0.00034426811041684527,0.0018990986207338236,0.10063733941964338,0.054231719238499246,0.12693332975053362,0.04596729575960252,0.6086315590787592,0.004064645896117046,0.01760351647972674
91,0.007396520605984167,0.0008307685539928738,0.0025961119118959003,0.02578042092785824,0.009068245659269085,0.20504676849260237,0.003225919611357784,0.001856475578312957,0.0005693778001178058,0.7436293908586088
92,0.002460123661094164,0.10417223562369615,0.8455507783571193,0.00442364858337545,0.006898859349288443,0.014353362836783418,0.01801025050084066,0.00041790695701265067,0.0028970738293883514,0.0008157603014013706
93,0.16575241223901194,0.004476289432452961,0.0017901099073277635,0.0012086494631993211,0.21926802545527702,0.007570262565004571,0.24725474146546217,0.2859240095517448,0.01980132037946703,0.046954179541052216
94,0.8047057099540867,0.02280895085998692,0.03266863174608138,0.0033807277386963507,0.09944533425330618,0.0020095167331820505,0.0036520253582340246,0.014179148493426866,0.007262541173020152,0.009887413689979275
95,0.03408969132524842,0.0045045138682479075,0.00038097808839107617,0.03512471332268608,0.7297891339369632,0.004111423716544606,0.1663715151248523,0.001301214368879847,0.023643635477700146,0.0006831807704863477
96,0.11496249058012634,0.006740668207986071,0.003259851621885144,0.23635870102979625,0.03850640756302823,0.04937103205307976,0.029714651031610972,0.30942119350323416,0.0015929317737476355,0.21007207263550545
97,0.00219320250486637,0.0003350390320563935,0.0010189639171873008,0.005094098799442549,0.6616817094937937,0.12428601231370529,0.18520414408670594,0.0027095337406113154,0.01488503177154563,0.0025922643400855157
98,0.03150094899761914,0.10907601515798446,0.12090330162035101,0.20978953891882227,0.04197868770329344,0.2961063421654751,0.11103559729496361,0.02288044333379378,0.001677844902808125,0.0550512799048891
99,0.001724593042576454,0.6868253905089351,0.0023683770144604667,0.0011672524437725338,0.007067399223511192,0.0007014991970168275,0.2998632702570478,5.553243696013371e-05,0.00022061361182594116,6.072263893590726e-06
100,0.010880119416169499,0.0006751009828523582,0.14376877100166263,0.05502718390039362,0.11527501519316548,0.07402069359162092,0.026451931299686253,0.019408732478161817,0.5489763658876181,0.0055160862486693715
101,0.339656557183683,0.020072148210423222,0.001967718798775141,0.0027407178692272906,0.17477558901530857,0.015985095382633048,0.18602741538211548,0.07873705627308893,0.00031887448243335224,0.17971882740231201
102,0.0012429667969535273,0.000980286306230561,0.00021081327591127778,0.4986033197617072,0.14722311870838192,0.030898351480606698,0.06610117658018558,0.002502879472237979,0.0020380419546516663,0.25019904566313367
103,0.026753784359998912,0.0018095733560175198,0.001953276466609206,0.18752697252835085,0.3281770889233696,0.11958808987405851,0.006821538502635348,0.023624910943340897,0.05626861434437083,0.24747615070124826
104,0.16225389499789616,0.019077687831759296,0.0006062014102929849,0.006173510729206899,0.3955481502101108,0.10839203904112295,0.19384006328491765,0.058491485763465544,0.003927258839858803,0.05168970789136891
105,0.024564112684324704,0.04027044046755522,0.013581168545615417,0.4165801249728085,0.08725418899317948,0.013303832287054224,0.3751332168017663,0.004248123024649855,0.022787915329019193,0.0022768768940271684
106,0.3517967156260909,0.2834306916356578,0.005998227231655204,0.0009122382542552863,0.018547101230710718,0.0024878091876515177,0.02355989789485528,0.3022216818730544,0.010634375842637425,0.000411261223431371
107,0.24090879056465675,0.0010282793436711512,0.0028258565390749933,0.0017484498703230046,0.2849189182891569,0.05079045806743811,0.08900952104362374,0.30061524387710226,0.023355630224606502,0.004798852180346662
108,0.9225754530332309,0.009919108655564937,0.0004635687172386549,0.0015085396131995037,0.006271033101763496,0.001402095919523061,0.04594829994746609,0.0028959907781820897,0.002486481467362906,0.006529428766468546
109,0.006711599322683925,0.017287356520445385,0.022992360627847642,0.73938316293357,0.08095356378827624,0.020774532280075787,0.023580815158164282,0.0007072996099658016,0.06208812317487926,0.025521186584091582
110,0.09119928696944801,0.008291170045475157,0.01260194350745871,0.27514346757442165,0.048540059294442994,0.05629670494275397,0.0018350251062026362,0.4449019277798766,0.0002699798867246492,0.060920434893195714
111,0.002576161199830825,0.009334232927015232,0.8528057251641633,0.006973339554969698,0.002198865618400096,0.04199566852188341,0.011200886207286475,0.0013162055301658194,0.06439025860455104,0.00720865667173406
112,0.001990697852127183,0.9244166883326572,0.057188978844373704,6.500916162062219e-05,0.0002646844046719933,0.0005669542937492081,0.0073687472229960966,8.977414027458367e-05,0.00750704027791914,0.0005414254696103987
113,0.42527302995769717,0.038110887783616765,0.002290757020144599,0.0035350523392271324,0.06242267096059298,0.01896679683930883,0.050452941325439114,0.3643142003303962,0.02919548301406414,0.00543818042951311
114,0.07241213986960048,0.003557717523703847,0.002716501033749734,0.0034877988374376334,0.013309112876717748,0.008897712323759016,0.059971247627513886,0.7112888855314862,0.00808210529153961,0.11627677908449163
115,0.8998688752847719,0.039392156554056805,0.016640995444029805,8.847079161781536e-05,0.03139056720685505,0.0009140950020970284,0.00796740378633897,0.0026258636736313954,0.0009420300585525378,0.0001695421980487747
116,0.006036334817703976,0.000103037941012674,0.0003977899146921129,0.048677515894343076,0.0012153884149674293,0.0032938206616411492,0.8834094339150234,0.0439101405340199,0.0003983953692957044,0.012558142537300563
117,0.5907722772796238,0.05421846607485808,0.053091498482907035,0.0013429526864638926,0.2163088735177078,0.0017509037016727182,0.04179429558939943,0.008013264445423603,0.02469333890148768,0.008014129320455896
118,0.7295648986259459,0.018637218975269678,0.04746720831563786,0.0011928783032391817,0.02770117203455848,0.06677598211401863,0.08402451175805278,0.006605865070556773,0.009677958812798069,0.008352305989922868
119,0.6251931402926163,0.007695009721980871,0.0009054581953506167,7.511638576126965e-05,0.13259890810834432,0.0019953308421603766,0.22932144265070187,0.0012514521447388898,0.00045659698950015253,0.0005075446688453517
120,0.05540507743819849,0.0017424222424178187,0.654681684601911,0.005390812853260137,0.09437617723188314,0.010513494914181583,0.002817059322638931,0.04939594174834837,0.005407732417571234,0.12026959722958924
121,0.06197705335652648,0.00019349044879016334,0.000369803436717304,0.00012109767026119742,0.014560035662845047,0.0024541366500826973,0.006051304238282228,0.9136785535207793,1.9307880391997762e-06,0.0005925942276763722
122,0.6995699291233749,0.012143650868176809,0.0019902486776266414,0.0070188905268511355,0.042723286177287614,0.018606475346242764,0.037896460826777445,0.04255410746697365,0.0011486697422805844,0.13634828124440845
123,0.012272470442322518,0.6331192644833717,0.0074913368151603285,0.11462586480417716,0.11899833252340708,0.05450230180139612,0.0005484410668198029,0.0002451387654566125,0.006727287652276533,0.05146956164561211
124,0.7276455210854614,0.00930629051429631,0.0010086755830132485,0.0031695308017047927,0.13793316517597207,0.0018103434370053911,0.05871175701954499,0.027686543905897674,0.0053090549223868515,0.027419117554717244
125,0.00010931577939587372,0.00024721567167961493,0.821994547806124,0.0004198527928570159,0.1667421129368457,0.0026668267365534204,0.006230705749790725,2.726946428190984e-05,0.0013012607926861615,0.0002608922697855815
126,0.01378510355478326,0.006062814148850335,0.023853664254783594,0.0873079797120621,0.13488742649383934,0.059071460840548255,0.06488292808102307,0.004096793201447663,0.5390807071646935,0.06697112254796896
127,0.04676368979760323,0.003433588888204012,0.006808036097459778,0.0006325206724450045,0.010909792874015594,0.007058225037592231,0.03973173504140424,0.03567896476209252,0.0007307154337878093,0.8482527313953957
128,0.8066938852483889,0.02237823750106674,0.013457159091646707,0.012095943110965688,0.0214046777871042,0.031965352766158014,0.02188406005565036,0.06443940236400003,0.0002924632108287406,0.005388818864190568
129,0.0012749061164119163,0.03162231383860966,0.06611904696584385,0.07154254195125198,0.0010886362793559735,0.16325780930463346,6.727535113084872e-05,9.012527377019899e-06,0.6598468231434206,0.005171634521964621
130,0.10718567734136777,0.7748252417763316,0.0009162225333448264,0.011310630534572768,0.003931784667451957,0.009288394319060546,0.09094389040558484,2.731223353777071e-05,4.254217129192645e-06,0.0015665919716187139
131,0.0008055063927404084,2.7646953122524264e-05,0.000554433144923942,0.0026496293344264264,0.9484506402639159,0.01562916143355884,0.03013481654054004,6.338083734692683e-05,0.001680953297454879,3.831801970001266e-06
132,0.05259242456248971,0.00021561403439038766,0.00018486736150627394,0.0002280866319379642,0.022884456226469153,0.0009691549731024254,0.06425971130438939,0.8464848139113259,0.00030282002644161184,0.01187805096794692
133,0.33246390449233026,0.0007935105515492046,0.0018002793074125703,0.02000587800102872,0.12214821114602871,0.07503327091594386,0.02900011411195165,0.34729343909041743,0.0027088470094174186,0.06875254537392007
134,0.0006053150381902069,0.0013813733357394837,0.00022793204018451842,0.0022711662593653437,0.04711246671116756,0.03895724366081253,0.014837651387409162,0.004163530307597502,0.72955419861808,0.16088912264145377
135,0.1131502467730277,0.02381598842555184,0.3938310522598751,0.026955649085428402,0.351023966074893,0.05439440655461749,0.034589561805124014,0.00012897836018025096,0.0011706635872829729,0.0009394870740192983
136,0.00023639498008509851,0.00044486971238202997,2.6613195047302478e-05,0.9600825518702402,0.008321652665929321,0.024802575611056046,0.004546947185875745,0.0005846896686154784,0.000554458944678041,0.000399246166090844
137,7.26322973615915e-05,0.00019512752280835048,0.0022666042906701604,7.421938687296376e-05,8.29793249213e-05,0.9769172507951062,0.002027428738302757,1.0171786265165692e-05,0.01835121630898834,2.3695487032177443e-06
138,0.002352762449271592,0.001205535024197232,0.9615442284750825,0.004627547864797661,0.014152508574535412,0.007910388774530075,0.0033320274857176553,2.4683824835625766e-05,0.004579883111520919,0.0002704344155113769
139,0.013793319775043427,0.0003009801697925328,0.5216458857284614,0.0050690580377319395,0.03697285834808422,0.0146505785905564,0.12030647706966022,0.001418205950777813,0.2752427020844508,0.010599934245441185
140,0.025728824560143134,0.0014639205992936807,0.00046464976463389686,0.055506217014284494,0.008357809987643041,0.003383170602552418,0.020043535938403814,0.7540351287258104,9.39859335262621e-05,0.13092275687370883
141,0.15220805180615452,0.028209037017139983,0.0044208430748756255,0.04121397428969676,0.03521894348275933,0.0791484479750997,0.20351195235618275,0.42465794665115303,0.028020999209720173,0.003389804137218089
142,0.037342213894543605,0.007011077116397997,0.0013977497852034537,0.0046055454789435185,0.024356864896079362,0.0011819666862864292,0.04096783736074105,0.38430850619098444,0.0003791535062839471,0.49844908508453617
143,0.02321272000780441,0.10442085375014266,0.0051136404774086465,0.006975490306482202,0.29182215401340617,0.009108378996785025,0.5489700592087767,0.005461095562645074,0.004583971880584296,0.0003316357959648833
144,0.4549154438920822,0.004212870920036792,0.012517675246279817,0.0058174110041380395,0.06184984172935953,0.02472266693348814,0.023368201455317313,0.3192557607969284,0.0001707333261695507,0.09316939469620018
145,0.004712684032184121,0.00332424097509674,0.005088586984665716,0.018935287868277143,0.017761463551648943,0.38864939593666237,0.3494512532244851,0.0008631763222070209,0.021185623508833244,0.19002828759593945
146,0.01842572739285167,9.557171391579409e-05,6.153797492922092e-05,0.00010344382251761252,0.003019575903987828,5.053958039292377e-05,0.0002553954849337526,0.9498414818539739,0.027758954175327852,0.0003877720971695017
147,0.22460027438824617,0.36510957071874234,0.007173556392350436,0.0443862616181415,0.029131425621502782,0.01751520289863567,0.2600243522327068,0.04155665810722593,0.008881280247731207,0.0016214177747170026
148,0.11514813852489289,0.0015624462034019343,0.0015817293606752757,0.01690055329966762,0.31877904263888424,0.4171496034565767,0.056470653650955126,0.07057162724044427,0.0014187411115606536,0.0004174645129412442
149,0.005272879044002849,0.005132328649240265,0.08122750496090209,0.0023707813131627798,0.6393694259581333,0.02156782003091719,0.014435815967218598,5.486493328575981e-05,0.2303273288735441,0.00024125026959302267
150,0.24005236632572163,0.3282706669123998,0.12877033428710633,0.003455039137175338,0.05962801043634544,0.007578806139600468,0.049217325142239636,0.1468330032810374,0.002764939854281045,0.033429508484092846
151,0.06723914833514151,0.8235488087040037,0.009374963374289936,0.05589134381739946,0.001719419616574299,0.002058843736539755,0.03897662368533302,0.0001282636539055146,0.0006768692547666299,0.0003857158220463359
152,0.007042439939598888,7.617531942742752e-05,0.0018755829172119212,0.054369269184536315,0.22402986485116239,0.066636815238542,0.06411092526421985,0.3793832072777365,0.19798877642250218,0.004486943585062622
153,0.005715823648015809,0.9761904275333605,0.0002197160793649476,0.016193575795420957,0.0012064637416114117,2.6195820640218475e-05,0.0003443492237563482,8.43819403143647e-06,7.55448434696709e-05,1.9465120328786832e-05
154,0.0008963991262354936,0.03306904039467619,0.00253906789839986,0.8648414889745009,0.030313451080707404,0.007727073567481224,0.03828431870613017,0.00023457803137353297,0.0020682947052286568,0.02002628751526664
155,0.00106793900990528,0.00477044416601487,0.005298486125056348,0.056779964095010516,0.005865105850109198,0.9056414075182763,0.011781256814488978,8.790504949786042e-06,0.008201299664131976,0.0005853062520569865
156,0.4452292451563217,0.03238718208809585,0.0014968513391145205,0.28572087143932634,0.01009422718671963,0.021163084036935884,0.10624856975226135,0.07567745975236966,0.0002588810303713593,0.021723628218483587
157,0.004545332030997982,0.0022757477316986525,0.052271128323909254,0.0032541731977871226,0.060907977776209564,0.07294267279802182,0.2183309145693351,0.08827514628197874,0.016717342637541228,0.4804795646525207
158,0.011018540753577518,0.009548133504039248,0.00028090608898097795,0.002851532499876477,0.5998359582797993,0.09433659278666594,0.1391679642874639,0.13766297442116782,0.001025299904191798,0.004272097474237007
159,0.07026324941495109,0.014811316995509338,0.0006482581446970853,0.0377194309014033,0.14797826221502994,0.12155793606446673,0.5187626073641715,0.07835908406439239,0.006037933370986363,0.0038619214643923036
160,0.11390930707077891,0.03176904328320057,0.03475083432237483,0.13364260439079031,0.32582945105317523,0.24065092330884663,0.039684948882662274,0.02108667086216223,0.00992220267232243,0.04875401415368667
161,0.04658223623904551,0.010298716873469598,0.0034207841404558866,0.0001959895180678945,0.010436131788211199,0.00800685853543471,0.8845396794801955,0.01843809037687368,0.009885495541785007,0.008196017506461017
162,0.008297624967826387,0.006799653445897195,0.004998046668359328,0.1447120314711423,0.01845432139991934,0.7421508330074225,0.06974128630428872,0.00041762427466818865,0.002971155628280569,0.0014574228321954526
163,0.00433236508580475,0.0001583817983164501,0.0015731820389713925,0.002013210519097953,0.2926259515649228,0.0029644672043594687,0.47317249752689944,0.21514954445306675,0.0007012937560160306,0.007309106052545013
164,0.017277086020051968,0.5732847822611452,0.01097392121461509,0.27201383434126836,0.000988804505586622,0.11145276208394458,0.00519018154727201,1.7110622416664877e-05,0.008638600434225211,0.0001629169694744203
165,0.000937283907607479,0.0001859654371014847,0.000530544229853654,0.4806400018762368,0.023311855807716064,0.14472981451371156,0.008198704673531248,0.0029147197454912253,0.32090202838976517,0.017649081418985135
166,0.037170755338341854,0.020536984357388814,0.003872496886645592,0.06646345375784903,0.07453691529109135,0.22173076384283003,0.11313554886697948,0.010443948723965119,0.4509757291603683,0.0011334037745404475
167,0.015844871012806818,0.0011132156189949094,0.000292696981630949,0.0015054653439070841,0.04003614121136234,0.0034322025963364378,0.08848980413560573,0.789214435063793,0.02144451963109619,0.038626648404466536
168,0.1662662263117342,0.02489915210686189,0.011624180289962895,0.0016265587243620813,0.21688611255814555,0.35361045453327034,0.21955446501142717,0.0009174086445436885,0.0036744837223110327,0.0009409580973811115
169,0.001357790995796688,8.452537808591866e-05,0.00940185341886046,0.342654533491878,0.006516930574675243,0.5474147183383639,0.0002189637535164558,0.004227010398194719,0.00010671708434665726,0.08801695656628188
170,0.0005217780164981559,0.0003082805028389707,6.654687335865629e-05,0.03310457467156314,0.03257519195604179,0.07257369614034595,0.009413324144419121,0.0038496080390975807,0.012408912764196218,0.8351780868916403
171,0.012863567161911308,0.882362047001179,0.01712667691566514,0.06206049387786897,0.0009262222921016084,0.0049626433356182035,0.018879923106940175,1.7362617836739524e-05,8.51796693042848e-06,0.0007925457239483899
172,0.007336899306159547,0.00022203641274811553,0.00044838979285951236,0.013512872203881015,0.8321704720136996,0.10332913258501837,0.017637988061215006,0.01952136496342535,0.003431055530305267,0.0023897891306880184
173,0.04642607231995278,0.00024747840076847215,0.004897881715390124,0.005468374680078904,0.4986559308634252,0.05142671294091953,0.09751231395466486,0.26974666533692343,0.01588081028360866,0.009737759504267966
174,0.014550623582794145,0.0053570411701679725,0.0025355250848735286,0.2121094798701186,0.1752954218618515,0.5109482807315946,0.004567831703254898,0.03696008334703463,0.0026386361453487337,0.03503707650296137
175,0.8614078529981818,0.02659871417777739,0.03188973042822322,0.007131008077716112,0.010256769979925548,0.013123971911300028,0.03276975452152574,0.002344441345909795,0.0008086751413345503,0.013669081418105857
176,0.05959396915169378,0.8889024953311211,0.0004666217269849386,0.003942580489831008,0.0022021677045035836,0.00029150026202356575,0.04452597080529917,5.646746838168303e-05,1.2125587281595292e-06,1.701450143302538e-05
177,0.15093649353433244,0.380805793036356,0.14185399387087386,0.0042997649334227134,0.023110094094391506,0.09524923545142897,0.008396494182623575,0.18554610398398544,0.001113327298865361,0.008688699613720147
178,0.02709415165507836,0.011499368280435527,0.0009471897574661063,0.1762938210114556,0.6494826441744918,0.04377274419551712,0.009359876993409892,0.011377964807308221,0.003092818712154489,0.0670794204126828
179,0.0060532143305127035,0.00021050070518264908,0.0010286374238004344,0.13547335012198544,0.11127422985854168,0.3867413330645403,0.0023796289726368165,0.11591513871607086,0.0024788471768487463,0.23844511962988035
180,0.10464418352584652,0.06896019007006834,0.013955301100363192,0.28332950382317024,0.013027142874033368,0.042837936652793264,0.2667232070415804,0.10894522967784132,0.0001331808204482933,0.09744412441385515
181,0.12960662579497131,0.004827355797160712,0.004553415677220284,0.03925812037257535,0.01489531895991746,0.005281669644017302,0.014723088263543302,0.08372829791430582,0.0012297530778119644,0.7018963544984765
182,0.27966680211421774,0.10082033720973502,0.008183427009874246,0.04620300207267297,0.10865610298700663,0.044823566701733875,0.016913015656928536,0.3520772268259794,6.013956653087841e-05,0.042596379855320644
183,0.00027635547612631247,0.9930233050493831,0.003648483740269643,0.0009274432158194423,0.0007295110648381214,0.00034194506776772136,0.0010500248794530875,2.8987973798872006e-09,2.9001170721520992e-06,2.8490473066665712e-08
184,0.01973453277486387,0.1545960111740616,0.06839834089319079,0.04007021363709276,0.001119624601132407,0.4671456324480403,0.24330709604381395,8.869645736235026e-05,0.003455672106976663,0.002084179863465447
185,0.06275025995397575,0.167692256270932,0.0033493578185601475,0.2244208010614872,0.12875619755900924,0.0076822604062868685,0.38796103548225724,0.0014320329377046472,0.015895114873561756,6.0683636225147735e-05
186,0.23453054502656223,0.017887531110559764,0.028063411964769067,0.002703510649633355,0.03740965495773288,0.04892437895802418,0.005349897777392054,0.08611202846861249,9.501190902957576e-05,0.5389240291776843
187,0.0011804222474197555,0.00024191550255108722,0.9584591601294719,0.011522337776337412,0.002793258054425875,0.014410304472272718,0.0016010090040392642,0.0010172438184228895,0.008416556058046063,0.00035779293701302783
188,0.07402016154536815,0.0018514205747217503,0.16083329579465774,0.167266091351057,0.17241973165689511,0.15312868814656144,0.017617942839935258,0.18006296688637177,0.01076978483478176,0.06202991636965014
